1 Sn 1.3619442 1.03774 0.457367
2 Se 1.66401099 3.11322 2.30064883
3 Sn 4.3851408 3.11322 2.678242
4 Se 7.41109599 3.11322 4.36197617
5 Sn 10.1322258 3.11322 3.984383
6 Se 9.83015901 1.03774 2.14110117
7 Sn 7.1090292 1.03774 1.763508
8 Se 4.08307401 1.03774 0.07977383
9 Sn 1.3619442 -3.11322 0.457367
10 Se 1.66401099 -1.0377400000000003 2.30064883
11 Sn 4.3851408 -1.0377400000000003 2.678242
12 Se 7.41109599 -1.0377400000000003 4.36197617
13 Sn 10.1322258 -1.0377400000000003 3.984383
14 Se 9.83015901 -3.11322 2.14110117
15 Sn 7.1090292 -3.11322 1.763508
16 Se 4.08307401 -3.11322 0.07977383
