1 Sn 1.3619442 1.03774 0.457367
2 Se 1.66401099 3.11322 2.30064883
3 Sn 4.3851408 3.11322 2.678242
4 Se 7.41109599 3.11322 4.36197617
5 Sn 10.1322258 3.11322 3.984383
6 Se 9.83015901 1.03774 2.14110117
7 Sn 7.1090292 1.03774 1.763508
8 Se 4.08307401 1.03774 0.07977383
9 Sn 12.8561142 1.03774 0.457367
10 Se 13.15818099 3.11322 2.30064883
11 Sn 15.8793108 3.11322 2.678242
12 Se 18.90526599 3.11322 4.36197617
13 Sn 21.6263958 3.11322 3.984383
14 Se 21.32432901 1.03774 2.14110117
15 Sn 18.6031992 1.03774 1.763508
16 Se 15.577244010000001 1.03774 0.07977383
17 Sn 1.3619442 5.188700000000001 0.457367
18 Se 1.66401099 7.2641800000000005 2.30064883
19 Sn 4.3851408 7.2641800000000005 2.678242
20 Se 7.41109599 7.2641800000000005 4.36197617
21 Sn 10.1322258 7.2641800000000005 3.984383
22 Se 9.83015901 5.188700000000001 2.14110117
23 Sn 7.1090292 5.188700000000001 1.763508
24 Se 4.08307401 5.188700000000001 0.07977383
25 Sn 12.8561142 5.188700000000001 0.457367
26 Se 13.15818099 7.2641800000000005 2.30064883
27 Sn 15.8793108 7.2641800000000005 2.678242
28 Se 18.90526599 7.2641800000000005 4.36197617
29 Sn 21.6263958 7.2641800000000005 3.984383
30 Se 21.32432901 5.188700000000001 2.14110117
31 Sn 18.6031992 5.188700000000001 1.763508
32 Se 15.577244010000001 5.188700000000001 0.07977383
33 Sn 1.3619442 -3.11322 0.457367
34 Se 1.66401099 -1.0377400000000003 2.30064883
35 Sn 4.3851408 -1.0377400000000003 2.678242
36 Se 7.41109599 -1.0377400000000003 4.36197617
37 Sn 10.1322258 -1.0377400000000003 3.984383
38 Se 9.83015901 -3.11322 2.14110117
39 Sn 7.1090292 -3.11322 1.763508
40 Se 4.08307401 -3.11322 0.07977383
41 Sn 12.8561142 -3.11322 0.457367
42 Se 13.15818099 -1.0377400000000003 2.30064883
43 Sn 15.8793108 -1.0377400000000003 2.678242
44 Se 18.90526599 -1.0377400000000003 4.36197617
45 Sn 21.6263958 -1.0377400000000003 3.984383
46 Se 21.32432901 -3.11322 2.14110117
47 Sn 18.6031992 -3.11322 1.763508
48 Se 15.577244010000001 -3.11322 0.07977383
