1 Sn 1.3619442 1.03774 0.457367
2 Se 1.66401099 3.11322 2.30064883
3 Sn 4.3851408 3.11322 2.678242
4 Se 7.41109599 3.11322 4.36197617
5 Sn 10.1322258 3.11322 3.984383
6 Se 9.83015901 1.03774 2.14110117
7 Sn 7.1090292 1.03774 1.763508
8 Se 4.08307401 1.03774 0.07977383
9 Sn 12.8561142 1.03774 0.457367
10 Se 13.15818099 3.11322 2.30064883
11 Sn 15.8793108 3.11322 2.678242
12 Se 18.90526599 3.11322 4.36197617
13 Sn 21.6263958 3.11322 3.984383
14 Se 21.32432901 1.03774 2.14110117
15 Sn 18.6031992 1.03774 1.763508
16 Se 15.577244010000001 1.03774 0.07977383
17 Sn 24.3502842 1.03774 0.457367
18 Se 24.652350990000002 3.11322 2.30064883
19 Sn 27.373480800000003 3.11322 2.678242
20 Se 30.39943599 3.11322 4.36197617
21 Sn 33.1205658 3.11322 3.984383
22 Se 32.81849901 1.03774 2.14110117
23 Sn 30.097369200000003 1.03774 1.763508
24 Se 27.07141401 1.03774 0.07977383
25 Sn 35.8444542 1.03774 0.457367
26 Se 36.146520990000006 3.11322 2.30064883
27 Sn 38.86765080000001 3.11322 2.678242
28 Se 41.893605990000005 3.11322 4.36197617
29 Sn 44.614735800000005 3.11322 3.984383
30 Se 44.31266901000001 1.03774 2.14110117
31 Sn 41.59153920000001 1.03774 1.763508
32 Se 38.56558401 1.03774 0.07977383
33 Sn 47.3386242 1.03774 0.457367
34 Se 47.64069099 3.11322 2.30064883
35 Sn 50.361820800000004 3.11322 2.678242
36 Se 53.38777599 3.11322 4.36197617
37 Sn 56.1089058 3.11322 3.984383
38 Se 55.806839010000004 1.03774 2.14110117
39 Sn 53.085709200000004 1.03774 1.763508
40 Se 50.05975401 1.03774 0.07977383
41 Sn 58.832794199999995 1.03774 0.457367
42 Se 59.13486099 3.11322 2.30064883
43 Sn 61.8559908 3.11322 2.678242
44 Se 64.88194598999999 3.11322 4.36197617
45 Sn 67.6030758 3.11322 3.984383
46 Se 67.30100901 1.03774 2.14110117
47 Sn 64.5798792 1.03774 1.763508
48 Se 61.553924009999996 1.03774 0.07977383
49 Sn 70.3269642 1.03774 0.457367
50 Se 70.62903099 3.11322 2.30064883
51 Sn 73.35016080000001 3.11322 2.678242
52 Se 76.37611599000002 3.11322 4.36197617
53 Sn 79.09724580000001 3.11322 3.984383
54 Se 78.79517901000001 1.03774 2.14110117
55 Sn 76.0740492 1.03774 1.763508
56 Se 73.04809401000001 1.03774 0.07977383
57 Sn 81.8211342 1.03774 0.457367
58 Se 82.12320099 3.11322 2.30064883
59 Sn 84.84433080000001 3.11322 2.678242
60 Se 87.87028599000001 3.11322 4.36197617
61 Sn 90.59141580000001 3.11322 3.984383
62 Se 90.28934901000001 1.03774 2.14110117
63 Sn 87.5682192 1.03774 1.763508
64 Se 84.54226401000001 1.03774 0.07977383
65 Sn 93.3153042 1.03774 0.457367
66 Se 93.61737099 3.11322 2.30064883
67 Sn 96.3385008 3.11322 2.678242
68 Se 99.36445599000001 3.11322 4.36197617
69 Sn 102.0855858 3.11322 3.984383
70 Se 101.78351901 1.03774 2.14110117
71 Sn 99.0623892 1.03774 1.763508
72 Se 96.03643401000001 1.03774 0.07977383
73 Sn 1.3619442 5.188700000000001 0.457367
74 Se 1.66401099 7.2641800000000005 2.30064883
75 Sn 4.3851408 7.2641800000000005 2.678242
76 Se 7.41109599 7.2641800000000005 4.36197617
77 Sn 10.1322258 7.2641800000000005 3.984383
78 Se 9.83015901 5.188700000000001 2.14110117
79 Sn 7.1090292 5.188700000000001 1.763508
80 Se 4.08307401 5.188700000000001 0.07977383
81 Sn 12.8561142 5.188700000000001 0.457367
82 Se 13.15818099 7.2641800000000005 2.30064883
83 Sn 15.8793108 7.2641800000000005 2.678242
84 Se 18.90526599 7.2641800000000005 4.36197617
85 Sn 21.6263958 7.2641800000000005 3.984383
86 Se 21.32432901 5.188700000000001 2.14110117
87 Sn 18.6031992 5.188700000000001 1.763508
88 Se 15.577244010000001 5.188700000000001 0.07977383
89 Sn 24.3502842 5.188700000000001 0.457367
90 Se 24.652350990000002 7.2641800000000005 2.30064883
91 Sn 27.373480800000003 7.2641800000000005 2.678242
92 Se 30.39943599 7.2641800000000005 4.36197617
93 Sn 33.1205658 7.2641800000000005 3.984383
94 Se 32.81849901 5.188700000000001 2.14110117
95 Sn 30.097369200000003 5.188700000000001 1.763508
96 Se 27.07141401 5.188700000000001 0.07977383
97 Sn 35.8444542 5.188700000000001 0.457367
98 Se 36.146520990000006 7.2641800000000005 2.30064883
99 Sn 38.86765080000001 7.2641800000000005 2.678242
100 Se 41.893605990000005 7.2641800000000005 4.36197617
101 Sn 44.614735800000005 7.2641800000000005 3.984383
102 Se 44.31266901000001 5.188700000000001 2.14110117
103 Sn 41.59153920000001 5.188700000000001 1.763508
104 Se 38.56558401 5.188700000000001 0.07977383
105 Sn 47.3386242 5.188700000000001 0.457367
106 Se 47.64069099 7.2641800000000005 2.30064883
107 Sn 50.361820800000004 7.2641800000000005 2.678242
108 Se 53.38777599 7.2641800000000005 4.36197617
109 Sn 56.1089058 7.2641800000000005 3.984383
110 Se 55.806839010000004 5.188700000000001 2.14110117
111 Sn 53.085709200000004 5.188700000000001 1.763508
112 Se 50.05975401 5.188700000000001 0.07977383
113 Sn 58.832794199999995 5.188700000000001 0.457367
114 Se 59.13486099 7.2641800000000005 2.30064883
115 Sn 61.8559908 7.2641800000000005 2.678242
116 Se 64.88194598999999 7.2641800000000005 4.36197617
117 Sn 67.6030758 7.2641800000000005 3.984383
118 Se 67.30100901 5.188700000000001 2.14110117
119 Sn 64.5798792 5.188700000000001 1.763508
120 Se 61.553924009999996 5.188700000000001 0.07977383
121 Sn 70.3269642 5.188700000000001 0.457367
122 Se 70.62903099 7.2641800000000005 2.30064883
123 Sn 73.35016080000001 7.2641800000000005 2.678242
124 Se 76.37611599000002 7.2641800000000005 4.36197617
125 Sn 79.09724580000001 7.2641800000000005 3.984383
126 Se 78.79517901000001 5.188700000000001 2.14110117
127 Sn 76.0740492 5.188700000000001 1.763508
128 Se 73.04809401000001 5.188700000000001 0.07977383
129 Sn 81.8211342 5.188700000000001 0.457367
130 Se 82.12320099 7.2641800000000005 2.30064883
131 Sn 84.84433080000001 7.2641800000000005 2.678242
132 Se 87.87028599000001 7.2641800000000005 4.36197617
133 Sn 90.59141580000001 7.2641800000000005 3.984383
134 Se 90.28934901000001 5.188700000000001 2.14110117
135 Sn 87.5682192 5.188700000000001 1.763508
136 Se 84.54226401000001 5.188700000000001 0.07977383
137 Sn 93.3153042 5.188700000000001 0.457367
138 Se 93.61737099 7.2641800000000005 2.30064883
139 Sn 96.3385008 7.2641800000000005 2.678242
140 Se 99.36445599000001 7.2641800000000005 4.36197617
141 Sn 102.0855858 7.2641800000000005 3.984383
142 Se 101.78351901 5.188700000000001 2.14110117
143 Sn 99.0623892 5.188700000000001 1.763508
144 Se 96.03643401000001 5.188700000000001 0.07977383
145 Sn 1.3619442 9.33966 0.457367
146 Se 1.66401099 11.415140000000001 2.30064883
147 Sn 4.3851408 11.415140000000001 2.678242
148 Se 7.41109599 11.415140000000001 4.36197617
149 Sn 10.1322258 11.415140000000001 3.984383
150 Se 9.83015901 9.33966 2.14110117
151 Sn 7.1090292 9.33966 1.763508
152 Se 4.08307401 9.33966 0.07977383
153 Sn 12.8561142 9.33966 0.457367
154 Se 13.15818099 11.415140000000001 2.30064883
155 Sn 15.8793108 11.415140000000001 2.678242
156 Se 18.90526599 11.415140000000001 4.36197617
157 Sn 21.6263958 11.415140000000001 3.984383
158 Se 21.32432901 9.33966 2.14110117
159 Sn 18.6031992 9.33966 1.763508
160 Se 15.577244010000001 9.33966 0.07977383
161 Sn 24.3502842 9.33966 0.457367
162 Se 24.652350990000002 11.415140000000001 2.30064883
163 Sn 27.373480800000003 11.415140000000001 2.678242
164 Se 30.39943599 11.415140000000001 4.36197617
165 Sn 33.1205658 11.415140000000001 3.984383
166 Se 32.81849901 9.33966 2.14110117
167 Sn 30.097369200000003 9.33966 1.763508
168 Se 27.07141401 9.33966 0.07977383
169 Sn 35.8444542 9.33966 0.457367
170 Se 36.146520990000006 11.415140000000001 2.30064883
171 Sn 38.86765080000001 11.415140000000001 2.678242
172 Se 41.893605990000005 11.415140000000001 4.36197617
173 Sn 44.614735800000005 11.415140000000001 3.984383
174 Se 44.31266901000001 9.33966 2.14110117
175 Sn 41.59153920000001 9.33966 1.763508
176 Se 38.56558401 9.33966 0.07977383
177 Sn 47.3386242 9.33966 0.457367
178 Se 47.64069099 11.415140000000001 2.30064883
179 Sn 50.361820800000004 11.415140000000001 2.678242
180 Se 53.38777599 11.415140000000001 4.36197617
181 Sn 56.1089058 11.415140000000001 3.984383
182 Se 55.806839010000004 9.33966 2.14110117
183 Sn 53.085709200000004 9.33966 1.763508
184 Se 50.05975401 9.33966 0.07977383
185 Sn 58.832794199999995 9.33966 0.457367
186 Se 59.13486099 11.415140000000001 2.30064883
187 Sn 61.8559908 11.415140000000001 2.678242
188 Se 64.88194598999999 11.415140000000001 4.36197617
189 Sn 67.6030758 11.415140000000001 3.984383
190 Se 67.30100901 9.33966 2.14110117
191 Sn 64.5798792 9.33966 1.763508
192 Se 61.553924009999996 9.33966 0.07977383
193 Sn 70.3269642 9.33966 0.457367
194 Se 70.62903099 11.415140000000001 2.30064883
195 Sn 73.35016080000001 11.415140000000001 2.678242
196 Se 76.37611599000002 11.415140000000001 4.36197617
197 Sn 79.09724580000001 11.415140000000001 3.984383
198 Se 78.79517901000001 9.33966 2.14110117
199 Sn 76.0740492 9.33966 1.763508
200 Se 73.04809401000001 9.33966 0.07977383
201 Sn 81.8211342 9.33966 0.457367
202 Se 82.12320099 11.415140000000001 2.30064883
203 Sn 84.84433080000001 11.415140000000001 2.678242
204 Se 87.87028599000001 11.415140000000001 4.36197617
205 Sn 90.59141580000001 11.415140000000001 3.984383
206 Se 90.28934901000001 9.33966 2.14110117
207 Sn 87.5682192 9.33966 1.763508
208 Se 84.54226401000001 9.33966 0.07977383
209 Sn 93.3153042 9.33966 0.457367
210 Se 93.61737099 11.415140000000001 2.30064883
211 Sn 96.3385008 11.415140000000001 2.678242
212 Se 99.36445599000001 11.415140000000001 4.36197617
213 Sn 102.0855858 11.415140000000001 3.984383
214 Se 101.78351901 9.33966 2.14110117
215 Sn 99.0623892 9.33966 1.763508
216 Se 96.03643401000001 9.33966 0.07977383
217 Sn 1.3619442 13.49062 0.457367
218 Se 1.66401099 15.5661 2.30064883
219 Sn 4.3851408 15.5661 2.678242
220 Se 7.41109599 15.5661 4.36197617
221 Sn 10.1322258 15.5661 3.984383
222 Se 9.83015901 13.49062 2.14110117
223 Sn 7.1090292 13.49062 1.763508
224 Se 4.08307401 13.49062 0.07977383
225 Sn 12.8561142 13.49062 0.457367
226 Se 13.15818099 15.5661 2.30064883
227 Sn 15.8793108 15.5661 2.678242
228 Se 18.90526599 15.5661 4.36197617
229 Sn 21.6263958 15.5661 3.984383
230 Se 21.32432901 13.49062 2.14110117
231 Sn 18.6031992 13.49062 1.763508
232 Se 15.577244010000001 13.49062 0.07977383
233 Sn 24.3502842 13.49062 0.457367
234 Se 24.652350990000002 15.5661 2.30064883
235 Sn 27.373480800000003 15.5661 2.678242
236 Se 30.39943599 15.5661 4.36197617
237 Sn 33.1205658 15.5661 3.984383
238 Se 32.81849901 13.49062 2.14110117
239 Sn 30.097369200000003 13.49062 1.763508
240 Se 27.07141401 13.49062 0.07977383
241 Sn 35.8444542 13.49062 0.457367
242 Se 36.146520990000006 15.5661 2.30064883
243 Sn 38.86765080000001 15.5661 2.678242
244 Se 41.893605990000005 15.5661 4.36197617
245 Sn 44.614735800000005 15.5661 3.984383
246 Se 44.31266901000001 13.49062 2.14110117
247 Sn 41.59153920000001 13.49062 1.763508
248 Se 38.56558401 13.49062 0.07977383
249 Sn 47.3386242 13.49062 0.457367
250 Se 47.64069099 15.5661 2.30064883
251 Sn 50.361820800000004 15.5661 2.678242
252 Se 53.38777599 15.5661 4.36197617
253 Sn 56.1089058 15.5661 3.984383
254 Se 55.806839010000004 13.49062 2.14110117
255 Sn 53.085709200000004 13.49062 1.763508
256 Se 50.05975401 13.49062 0.07977383
257 Sn 58.832794199999995 13.49062 0.457367
258 Se 59.13486099 15.5661 2.30064883
259 Sn 61.8559908 15.5661 2.678242
260 Se 64.88194598999999 15.5661 4.36197617
261 Sn 67.6030758 15.5661 3.984383
262 Se 67.30100901 13.49062 2.14110117
263 Sn 64.5798792 13.49062 1.763508
264 Se 61.553924009999996 13.49062 0.07977383
265 Sn 70.3269642 13.49062 0.457367
266 Se 70.62903099 15.5661 2.30064883
267 Sn 73.35016080000001 15.5661 2.678242
268 Se 76.37611599000002 15.5661 4.36197617
269 Sn 79.09724580000001 15.5661 3.984383
270 Se 78.79517901000001 13.49062 2.14110117
271 Sn 76.0740492 13.49062 1.763508
272 Se 73.04809401000001 13.49062 0.07977383
273 Sn 81.8211342 13.49062 0.457367
274 Se 82.12320099 15.5661 2.30064883
275 Sn 84.84433080000001 15.5661 2.678242
276 Se 87.87028599000001 15.5661 4.36197617
277 Sn 90.59141580000001 15.5661 3.984383
278 Se 90.28934901000001 13.49062 2.14110117
279 Sn 87.5682192 13.49062 1.763508
280 Se 84.54226401000001 13.49062 0.07977383
281 Sn 93.3153042 13.49062 0.457367
282 Se 93.61737099 15.5661 2.30064883
283 Sn 96.3385008 15.5661 2.678242
284 Se 99.36445599000001 15.5661 4.36197617
285 Sn 102.0855858 15.5661 3.984383
286 Se 101.78351901 13.49062 2.14110117
287 Sn 99.0623892 13.49062 1.763508
288 Se 96.03643401000001 13.49062 0.07977383
289 Sn 1.3619442 17.64158 0.457367
290 Se 1.66401099 19.717060000000004 2.30064883
291 Sn 4.3851408 19.717060000000004 2.678242
292 Se 7.41109599 19.717060000000004 4.36197617
293 Sn 10.1322258 19.717060000000004 3.984383
294 Se 9.83015901 17.64158 2.14110117
295 Sn 7.1090292 17.64158 1.763508
296 Se 4.08307401 17.64158 0.07977383
297 Sn 12.8561142 17.64158 0.457367
298 Se 13.15818099 19.717060000000004 2.30064883
299 Sn 15.8793108 19.717060000000004 2.678242
300 Se 18.90526599 19.717060000000004 4.36197617
301 Sn 21.6263958 19.717060000000004 3.984383
302 Se 21.32432901 17.64158 2.14110117
303 Sn 18.6031992 17.64158 1.763508
304 Se 15.577244010000001 17.64158 0.07977383
305 Sn 24.3502842 17.64158 0.457367
306 Se 24.652350990000002 19.717060000000004 2.30064883
307 Sn 27.373480800000003 19.717060000000004 2.678242
308 Se 30.39943599 19.717060000000004 4.36197617
309 Sn 33.1205658 19.717060000000004 3.984383
310 Se 32.81849901 17.64158 2.14110117
311 Sn 30.097369200000003 17.64158 1.763508
312 Se 27.07141401 17.64158 0.07977383
313 Sn 35.8444542 17.64158 0.457367
314 Se 36.146520990000006 19.717060000000004 2.30064883
315 Sn 38.86765080000001 19.717060000000004 2.678242
316 Se 41.893605990000005 19.717060000000004 4.36197617
317 Sn 44.614735800000005 19.717060000000004 3.984383
318 Se 44.31266901000001 17.64158 2.14110117
319 Sn 41.59153920000001 17.64158 1.763508
320 Se 38.56558401 17.64158 0.07977383
321 Sn 47.3386242 17.64158 0.457367
322 Se 47.64069099 19.717060000000004 2.30064883
323 Sn 50.361820800000004 19.717060000000004 2.678242
324 Se 53.38777599 19.717060000000004 4.36197617
325 Sn 56.1089058 19.717060000000004 3.984383
326 Se 55.806839010000004 17.64158 2.14110117
327 Sn 53.085709200000004 17.64158 1.763508
328 Se 50.05975401 17.64158 0.07977383
329 Sn 58.832794199999995 17.64158 0.457367
330 Se 59.13486099 19.717060000000004 2.30064883
331 Sn 61.8559908 19.717060000000004 2.678242
332 Se 64.88194598999999 19.717060000000004 4.36197617
333 Sn 67.6030758 19.717060000000004 3.984383
334 Se 67.30100901 17.64158 2.14110117
335 Sn 64.5798792 17.64158 1.763508
336 Se 61.553924009999996 17.64158 0.07977383
337 Sn 70.3269642 17.64158 0.457367
338 Se 70.62903099 19.717060000000004 2.30064883
339 Sn 73.35016080000001 19.717060000000004 2.678242
340 Se 76.37611599000002 19.717060000000004 4.36197617
341 Sn 79.09724580000001 19.717060000000004 3.984383
342 Se 78.79517901000001 17.64158 2.14110117
343 Sn 76.0740492 17.64158 1.763508
344 Se 73.04809401000001 17.64158 0.07977383
345 Sn 81.8211342 17.64158 0.457367
346 Se 82.12320099 19.717060000000004 2.30064883
347 Sn 84.84433080000001 19.717060000000004 2.678242
348 Se 87.87028599000001 19.717060000000004 4.36197617
349 Sn 90.59141580000001 19.717060000000004 3.984383
350 Se 90.28934901000001 17.64158 2.14110117
351 Sn 87.5682192 17.64158 1.763508
352 Se 84.54226401000001 17.64158 0.07977383
353 Sn 93.3153042 17.64158 0.457367
354 Se 93.61737099 19.717060000000004 2.30064883
355 Sn 96.3385008 19.717060000000004 2.678242
356 Se 99.36445599000001 19.717060000000004 4.36197617
357 Sn 102.0855858 19.717060000000004 3.984383
358 Se 101.78351901 17.64158 2.14110117
359 Sn 99.0623892 17.64158 1.763508
360 Se 96.03643401000001 17.64158 0.07977383
361 Sn 1.3619442 21.792540000000002 0.457367
362 Se 1.66401099 23.86802 2.30064883
363 Sn 4.3851408 23.86802 2.678242
364 Se 7.41109599 23.86802 4.36197617
365 Sn 10.1322258 23.86802 3.984383
366 Se 9.83015901 21.792540000000002 2.14110117
367 Sn 7.1090292 21.792540000000002 1.763508
368 Se 4.08307401 21.792540000000002 0.07977383
369 Sn 12.8561142 21.792540000000002 0.457367
370 Se 13.15818099 23.86802 2.30064883
371 Sn 15.8793108 23.86802 2.678242
372 Se 18.90526599 23.86802 4.36197617
373 Sn 21.6263958 23.86802 3.984383
374 Se 21.32432901 21.792540000000002 2.14110117
375 Sn 18.6031992 21.792540000000002 1.763508
376 Se 15.577244010000001 21.792540000000002 0.07977383
377 Sn 24.3502842 21.792540000000002 0.457367
378 Se 24.652350990000002 23.86802 2.30064883
379 Sn 27.373480800000003 23.86802 2.678242
380 Se 30.39943599 23.86802 4.36197617
381 Sn 33.1205658 23.86802 3.984383
382 Se 32.81849901 21.792540000000002 2.14110117
383 Sn 30.097369200000003 21.792540000000002 1.763508
384 Se 27.07141401 21.792540000000002 0.07977383
385 Sn 35.8444542 21.792540000000002 0.457367
386 Se 36.146520990000006 23.86802 2.30064883
387 Sn 38.86765080000001 23.86802 2.678242
388 Se 41.893605990000005 23.86802 4.36197617
389 Sn 44.614735800000005 23.86802 3.984383
390 Se 44.31266901000001 21.792540000000002 2.14110117
391 Sn 41.59153920000001 21.792540000000002 1.763508
392 Se 38.56558401 21.792540000000002 0.07977383
393 Sn 47.3386242 21.792540000000002 0.457367
394 Se 47.64069099 23.86802 2.30064883
395 Sn 50.361820800000004 23.86802 2.678242
396 Se 53.38777599 23.86802 4.36197617
397 Sn 56.1089058 23.86802 3.984383
398 Se 55.806839010000004 21.792540000000002 2.14110117
399 Sn 53.085709200000004 21.792540000000002 1.763508
400 Se 50.05975401 21.792540000000002 0.07977383
401 Sn 58.832794199999995 21.792540000000002 0.457367
402 Se 59.13486099 23.86802 2.30064883
403 Sn 61.8559908 23.86802 2.678242
404 Se 64.88194598999999 23.86802 4.36197617
405 Sn 67.6030758 23.86802 3.984383
406 Se 67.30100901 21.792540000000002 2.14110117
407 Sn 64.5798792 21.792540000000002 1.763508
408 Se 61.553924009999996 21.792540000000002 0.07977383
409 Sn 70.3269642 21.792540000000002 0.457367
410 Se 70.62903099 23.86802 2.30064883
411 Sn 73.35016080000001 23.86802 2.678242
412 Se 76.37611599000002 23.86802 4.36197617
413 Sn 79.09724580000001 23.86802 3.984383
414 Se 78.79517901000001 21.792540000000002 2.14110117
415 Sn 76.0740492 21.792540000000002 1.763508
416 Se 73.04809401000001 21.792540000000002 0.07977383
417 Sn 81.8211342 21.792540000000002 0.457367
418 Se 82.12320099 23.86802 2.30064883
419 Sn 84.84433080000001 23.86802 2.678242
420 Se 87.87028599000001 23.86802 4.36197617
421 Sn 90.59141580000001 23.86802 3.984383
422 Se 90.28934901000001 21.792540000000002 2.14110117
423 Sn 87.5682192 21.792540000000002 1.763508
424 Se 84.54226401000001 21.792540000000002 0.07977383
425 Sn 93.3153042 21.792540000000002 0.457367
426 Se 93.61737099 23.86802 2.30064883
427 Sn 96.3385008 23.86802 2.678242
428 Se 99.36445599000001 23.86802 4.36197617
429 Sn 102.0855858 23.86802 3.984383
430 Se 101.78351901 21.792540000000002 2.14110117
431 Sn 99.0623892 21.792540000000002 1.763508
432 Se 96.03643401000001 21.792540000000002 0.07977383
433 Sn 7.1090292 25.9435 0.457367
434 Se 7.41109599 28.01898 2.30064883
435 Sn 10.1322258 28.01898 2.678242
436 Se 13.15818099 28.01898 4.36197617
437 Sn 15.8793108 28.01898 3.984383
438 Se 15.57724401 25.9435 2.14110117
439 Sn 12.8561142 25.9435 1.763508
440 Se 9.83015901 25.9435 0.07977383
441 Sn 18.603199200000002 25.9435 0.457367
442 Se 18.905265990000004 28.01898 2.30064883
443 Sn 21.626395800000004 28.01898 2.678242
444 Se 24.652350990000002 28.01898 4.36197617
445 Sn 27.373480800000003 28.01898 3.984383
446 Se 27.07141401 25.9435 2.14110117
447 Sn 24.350284200000004 25.9435 1.763508
448 Se 21.324329010000003 25.9435 0.07977383
449 Sn 30.0973692 25.9435 0.457367
450 Se 30.39943599 28.01898 2.30064883
451 Sn 33.1205658 28.01898 2.678242
452 Se 36.14652099 28.01898 4.36197617
453 Sn 38.8676508 28.01898 3.984383
454 Se 38.565584009999995 25.9435 2.14110117
455 Sn 35.8444542 25.9435 1.763508
456 Se 32.81849901 25.9435 0.07977383
457 Sn 41.5915392 25.9435 0.457367
458 Se 41.893605990000005 28.01898 2.30064883
459 Sn 44.614735800000005 28.01898 2.678242
460 Se 47.64069099 28.01898 4.36197617
461 Sn 50.361820800000004 28.01898 3.984383
462 Se 50.059754010000006 25.9435 2.14110117
463 Sn 47.338624200000005 25.9435 1.763508
464 Se 44.31266901 25.9435 0.07977383
465 Sn 53.0857092 25.9435 0.457367
466 Se 53.38777599 28.01898 2.30064883
467 Sn 56.1089058 28.01898 2.678242
468 Se 59.13486099 28.01898 4.36197617
469 Sn 61.8559908 28.01898 3.984383
470 Se 61.55392401 25.9435 2.14110117
471 Sn 58.8327942 25.9435 1.763508
472 Se 55.80683901 25.9435 0.07977383
473 Sn 64.57987920000001 25.9435 0.457367
474 Se 64.88194599 28.01898 2.30064883
475 Sn 67.6030758 28.01898 2.678242
476 Se 70.62903099 28.01898 4.36197617
477 Sn 73.3501608 28.01898 3.984383
478 Se 73.04809401 25.9435 2.14110117
479 Sn 70.3269642 25.9435 1.763508
480 Se 67.30100901 25.9435 0.07977383
481 Sn 76.0740492 25.9435 0.457367
482 Se 76.37611599 28.01898 2.30064883
483 Sn 79.09724580000001 28.01898 2.678242
484 Se 82.12320099000002 28.01898 4.36197617
485 Sn 84.84433080000001 28.01898 3.984383
486 Se 84.54226401000001 25.9435 2.14110117
487 Sn 81.8211342 25.9435 1.763508
488 Se 78.79517901000001 25.9435 0.07977383
489 Sn 87.5682192 25.9435 0.457367
490 Se 87.87028599 28.01898 2.30064883
491 Sn 90.59141580000001 28.01898 2.678242
492 Se 93.61737099000001 28.01898 4.36197617
493 Sn 96.3385008 28.01898 3.984383
494 Se 96.03643401000001 25.9435 2.14110117
495 Sn 93.3153042 25.9435 1.763508
496 Se 90.28934901000001 25.9435 0.07977383
497 Sn 7.1090292 30.09446 0.457367
498 Se 7.41109599 32.169940000000004 2.30064883
499 Sn 10.1322258 32.169940000000004 2.678242
500 Se 13.15818099 32.169940000000004 4.36197617
501 Sn 15.8793108 32.169940000000004 3.984383
502 Se 15.57724401 30.09446 2.14110117
503 Sn 12.8561142 30.09446 1.763508
504 Se 9.83015901 30.09446 0.07977383
505 Sn 18.603199200000002 30.09446 0.457367
506 Se 18.905265990000004 32.169940000000004 2.30064883
507 Sn 21.626395800000004 32.169940000000004 2.678242
508 Se 24.652350990000002 32.169940000000004 4.36197617
509 Sn 27.373480800000003 32.169940000000004 3.984383
510 Se 27.07141401 30.09446 2.14110117
511 Sn 24.350284200000004 30.09446 1.763508
512 Se 21.324329010000003 30.09446 0.07977383
513 Sn 30.0973692 30.09446 0.457367
514 Se 30.39943599 32.169940000000004 2.30064883
515 Sn 33.1205658 32.169940000000004 2.678242
516 Se 36.14652099 32.169940000000004 4.36197617
517 Sn 38.8676508 32.169940000000004 3.984383
518 Se 38.565584009999995 30.09446 2.14110117
519 Sn 35.8444542 30.09446 1.763508
520 Se 32.81849901 30.09446 0.07977383
521 Sn 41.5915392 30.09446 0.457367
522 Se 41.893605990000005 32.169940000000004 2.30064883
523 Sn 44.614735800000005 32.169940000000004 2.678242
524 Se 47.64069099 32.169940000000004 4.36197617
525 Sn 50.361820800000004 32.169940000000004 3.984383
526 Se 50.059754010000006 30.09446 2.14110117
527 Sn 47.338624200000005 30.09446 1.763508
528 Se 44.31266901 30.09446 0.07977383
529 Sn 53.0857092 30.09446 0.457367
530 Se 53.38777599 32.169940000000004 2.30064883
531 Sn 56.1089058 32.169940000000004 2.678242
532 Se 59.13486099 32.169940000000004 4.36197617
533 Sn 61.8559908 32.169940000000004 3.984383
534 Se 61.55392401 30.09446 2.14110117
535 Sn 58.8327942 30.09446 1.763508
536 Se 55.80683901 30.09446 0.07977383
537 Sn 64.57987920000001 30.09446 0.457367
538 Se 64.88194599 32.169940000000004 2.30064883
539 Sn 67.6030758 32.169940000000004 2.678242
540 Se 70.62903099 32.169940000000004 4.36197617
541 Sn 73.3501608 32.169940000000004 3.984383
542 Se 73.04809401 30.09446 2.14110117
543 Sn 70.3269642 30.09446 1.763508
544 Se 67.30100901 30.09446 0.07977383
545 Sn 76.0740492 30.09446 0.457367
546 Se 76.37611599 32.169940000000004 2.30064883
547 Sn 79.09724580000001 32.169940000000004 2.678242
548 Se 82.12320099000002 32.169940000000004 4.36197617
549 Sn 84.84433080000001 32.169940000000004 3.984383
550 Se 84.54226401000001 30.09446 2.14110117
551 Sn 81.8211342 30.09446 1.763508
552 Se 78.79517901000001 30.09446 0.07977383
553 Sn 87.5682192 30.09446 0.457367
554 Se 87.87028599 32.169940000000004 2.30064883
555 Sn 90.59141580000001 32.169940000000004 2.678242
556 Se 93.61737099000001 32.169940000000004 4.36197617
557 Sn 96.3385008 32.169940000000004 3.984383
558 Se 96.03643401000001 30.09446 2.14110117
559 Sn 93.3153042 30.09446 1.763508
560 Se 90.28934901000001 30.09446 0.07977383
561 Sn 7.1090292 34.24542 0.457367
562 Se 7.41109599 36.3209 2.30064883
563 Sn 10.1322258 36.3209 2.678242
564 Se 13.15818099 36.3209 4.36197617
565 Sn 15.8793108 36.3209 3.984383
566 Se 15.57724401 34.24542 2.14110117
567 Sn 12.8561142 34.24542 1.763508
568 Se 9.83015901 34.24542 0.07977383
569 Sn 18.603199200000002 34.24542 0.457367
570 Se 18.905265990000004 36.3209 2.30064883
571 Sn 21.626395800000004 36.3209 2.678242
572 Se 24.652350990000002 36.3209 4.36197617
573 Sn 27.373480800000003 36.3209 3.984383
574 Se 27.07141401 34.24542 2.14110117
575 Sn 24.350284200000004 34.24542 1.763508
576 Se 21.324329010000003 34.24542 0.07977383
577 Sn 30.0973692 34.24542 0.457367
578 Se 30.39943599 36.3209 2.30064883
579 Sn 33.1205658 36.3209 2.678242
580 Se 36.14652099 36.3209 4.36197617
581 Sn 38.8676508 36.3209 3.984383
582 Se 38.565584009999995 34.24542 2.14110117
583 Sn 35.8444542 34.24542 1.763508
584 Se 32.81849901 34.24542 0.07977383
585 Sn 41.5915392 34.24542 0.457367
586 Se 41.893605990000005 36.3209 2.30064883
587 Sn 44.614735800000005 36.3209 2.678242
588 Se 47.64069099 36.3209 4.36197617
589 Sn 50.361820800000004 36.3209 3.984383
590 Se 50.059754010000006 34.24542 2.14110117
591 Sn 47.338624200000005 34.24542 1.763508
592 Se 44.31266901 34.24542 0.07977383
593 Sn 53.0857092 34.24542 0.457367
594 Se 53.38777599 36.3209 2.30064883
595 Sn 56.1089058 36.3209 2.678242
596 Se 59.13486099 36.3209 4.36197617
597 Sn 61.8559908 36.3209 3.984383
598 Se 61.55392401 34.24542 2.14110117
599 Sn 58.8327942 34.24542 1.763508
600 Se 55.80683901 34.24542 0.07977383
601 Sn 64.57987920000001 34.24542 0.457367
602 Se 64.88194599 36.3209 2.30064883
603 Sn 67.6030758 36.3209 2.678242
604 Se 70.62903099 36.3209 4.36197617
605 Sn 73.3501608 36.3209 3.984383
606 Se 73.04809401 34.24542 2.14110117
607 Sn 70.3269642 34.24542 1.763508
608 Se 67.30100901 34.24542 0.07977383
609 Sn 76.0740492 34.24542 0.457367
610 Se 76.37611599 36.3209 2.30064883
611 Sn 79.09724580000001 36.3209 2.678242
612 Se 82.12320099000002 36.3209 4.36197617
613 Sn 84.84433080000001 36.3209 3.984383
614 Se 84.54226401000001 34.24542 2.14110117
615 Sn 81.8211342 34.24542 1.763508
616 Se 78.79517901000001 34.24542 0.07977383
617 Sn 87.5682192 34.24542 0.457367
618 Se 87.87028599 36.3209 2.30064883
619 Sn 90.59141580000001 36.3209 2.678242
620 Se 93.61737099000001 36.3209 4.36197617
621 Sn 96.3385008 36.3209 3.984383
622 Se 96.03643401000001 34.24542 2.14110117
623 Sn 93.3153042 34.24542 1.763508
624 Se 90.28934901000001 34.24542 0.07977383
625 Sn 12.8561142 38.39638 0.457367
626 Se 13.15818099 40.47186 2.30064883
627 Sn 15.8793108 40.47186 2.678242
628 Se 18.90526599 40.47186 4.36197617
629 Sn 21.6263958 40.47186 3.984383
630 Se 21.32432901 38.39638 2.14110117
631 Sn 18.6031992 38.39638 1.763508
632 Se 15.577244010000001 38.39638 0.07977383
633 Sn 24.3502842 38.39638 0.457367
634 Se 24.652350990000002 40.47186 2.30064883
635 Sn 27.373480800000003 40.47186 2.678242
636 Se 30.39943599 40.47186 4.36197617
637 Sn 33.1205658 40.47186 3.984383
638 Se 32.81849901 38.39638 2.14110117
639 Sn 30.097369200000003 38.39638 1.763508
640 Se 27.07141401 38.39638 0.07977383
641 Sn 35.8444542 38.39638 0.457367
642 Se 36.146520990000006 40.47186 2.30064883
643 Sn 38.86765080000001 40.47186 2.678242
644 Se 41.893605990000005 40.47186 4.36197617
645 Sn 44.614735800000005 40.47186 3.984383
646 Se 44.31266901000001 38.39638 2.14110117
647 Sn 41.59153920000001 38.39638 1.763508
648 Se 38.56558401 38.39638 0.07977383
649 Sn 47.3386242 38.39638 0.457367
650 Se 47.64069099 40.47186 2.30064883
651 Sn 50.361820800000004 40.47186 2.678242
652 Se 53.38777599 40.47186 4.36197617
653 Sn 56.1089058 40.47186 3.984383
654 Se 55.806839010000004 38.39638 2.14110117
655 Sn 53.085709200000004 38.39638 1.763508
656 Se 50.05975401 38.39638 0.07977383
657 Sn 58.832794199999995 38.39638 0.457367
658 Se 59.13486099 40.47186 2.30064883
659 Sn 61.8559908 40.47186 2.678242
660 Se 64.88194598999999 40.47186 4.36197617
661 Sn 67.6030758 40.47186 3.984383
662 Se 67.30100901 38.39638 2.14110117
663 Sn 64.5798792 38.39638 1.763508
664 Se 61.553924009999996 38.39638 0.07977383
665 Sn 70.3269642 38.39638 0.457367
666 Se 70.62903099 40.47186 2.30064883
667 Sn 73.35016080000001 40.47186 2.678242
668 Se 76.37611599000002 40.47186 4.36197617
669 Sn 79.09724580000001 40.47186 3.984383
670 Se 78.79517901000001 38.39638 2.14110117
671 Sn 76.0740492 38.39638 1.763508
672 Se 73.04809401000001 38.39638 0.07977383
673 Sn 81.8211342 38.39638 0.457367
674 Se 82.12320099 40.47186 2.30064883
675 Sn 84.84433080000001 40.47186 2.678242
676 Se 87.87028599000001 40.47186 4.36197617
677 Sn 90.59141580000001 40.47186 3.984383
678 Se 90.28934901000001 38.39638 2.14110117
679 Sn 87.5682192 38.39638 1.763508
680 Se 84.54226401000001 38.39638 0.07977383
681 Sn 12.8561142 42.547340000000005 0.457367
682 Se 13.15818099 44.622820000000004 2.30064883
683 Sn 15.8793108 44.622820000000004 2.678242
684 Se 18.90526599 44.622820000000004 4.36197617
685 Sn 21.6263958 44.622820000000004 3.984383
686 Se 21.32432901 42.547340000000005 2.14110117
687 Sn 18.6031992 42.547340000000005 1.763508
688 Se 15.577244010000001 42.547340000000005 0.07977383
689 Sn 24.3502842 42.547340000000005 0.457367
690 Se 24.652350990000002 44.622820000000004 2.30064883
691 Sn 27.373480800000003 44.622820000000004 2.678242
692 Se 30.39943599 44.622820000000004 4.36197617
693 Sn 33.1205658 44.622820000000004 3.984383
694 Se 32.81849901 42.547340000000005 2.14110117
695 Sn 30.097369200000003 42.547340000000005 1.763508
696 Se 27.07141401 42.547340000000005 0.07977383
697 Sn 35.8444542 42.547340000000005 0.457367
698 Se 36.146520990000006 44.622820000000004 2.30064883
699 Sn 38.86765080000001 44.622820000000004 2.678242
700 Se 41.893605990000005 44.622820000000004 4.36197617
701 Sn 44.614735800000005 44.622820000000004 3.984383
702 Se 44.31266901000001 42.547340000000005 2.14110117
703 Sn 41.59153920000001 42.547340000000005 1.763508
704 Se 38.56558401 42.547340000000005 0.07977383
705 Sn 47.3386242 42.547340000000005 0.457367
706 Se 47.64069099 44.622820000000004 2.30064883
707 Sn 50.361820800000004 44.622820000000004 2.678242
708 Se 53.38777599 44.622820000000004 4.36197617
709 Sn 56.1089058 44.622820000000004 3.984383
710 Se 55.806839010000004 42.547340000000005 2.14110117
711 Sn 53.085709200000004 42.547340000000005 1.763508
712 Se 50.05975401 42.547340000000005 0.07977383
713 Sn 58.832794199999995 42.547340000000005 0.457367
714 Se 59.13486099 44.622820000000004 2.30064883
715 Sn 61.8559908 44.622820000000004 2.678242
716 Se 64.88194598999999 44.622820000000004 4.36197617
717 Sn 67.6030758 44.622820000000004 3.984383
718 Se 67.30100901 42.547340000000005 2.14110117
719 Sn 64.5798792 42.547340000000005 1.763508
720 Se 61.553924009999996 42.547340000000005 0.07977383
721 Sn 70.3269642 42.547340000000005 0.457367
722 Se 70.62903099 44.622820000000004 2.30064883
723 Sn 73.35016080000001 44.622820000000004 2.678242
724 Se 76.37611599000002 44.622820000000004 4.36197617
725 Sn 79.09724580000001 44.622820000000004 3.984383
726 Se 78.79517901000001 42.547340000000005 2.14110117
727 Sn 76.0740492 42.547340000000005 1.763508
728 Se 73.04809401000001 42.547340000000005 0.07977383
729 Sn 81.8211342 42.547340000000005 0.457367
730 Se 82.12320099 44.622820000000004 2.30064883
731 Sn 84.84433080000001 44.622820000000004 2.678242
732 Se 87.87028599000001 44.622820000000004 4.36197617
733 Sn 90.59141580000001 44.622820000000004 3.984383
734 Se 90.28934901000001 42.547340000000005 2.14110117
735 Sn 87.5682192 42.547340000000005 1.763508
736 Se 84.54226401000001 42.547340000000005 0.07977383
737 Sn 12.8561142 46.6983 0.457367
738 Se 13.15818099 48.77378 2.30064883
739 Sn 15.8793108 48.77378 2.678242
740 Se 18.90526599 48.77378 4.36197617
741 Sn 21.6263958 48.77378 3.984383
742 Se 21.32432901 46.6983 2.14110117
743 Sn 18.6031992 46.6983 1.763508
744 Se 15.577244010000001 46.6983 0.07977383
745 Sn 24.3502842 46.6983 0.457367
746 Se 24.652350990000002 48.77378 2.30064883
747 Sn 27.373480800000003 48.77378 2.678242
748 Se 30.39943599 48.77378 4.36197617
749 Sn 33.1205658 48.77378 3.984383
750 Se 32.81849901 46.6983 2.14110117
751 Sn 30.097369200000003 46.6983 1.763508
752 Se 27.07141401 46.6983 0.07977383
753 Sn 35.8444542 46.6983 0.457367
754 Se 36.146520990000006 48.77378 2.30064883
755 Sn 38.86765080000001 48.77378 2.678242
756 Se 41.893605990000005 48.77378 4.36197617
757 Sn 44.614735800000005 48.77378 3.984383
758 Se 44.31266901000001 46.6983 2.14110117
759 Sn 41.59153920000001 46.6983 1.763508
760 Se 38.56558401 46.6983 0.07977383
761 Sn 47.3386242 46.6983 0.457367
762 Se 47.64069099 48.77378 2.30064883
763 Sn 50.361820800000004 48.77378 2.678242
764 Se 53.38777599 48.77378 4.36197617
765 Sn 56.1089058 48.77378 3.984383
766 Se 55.806839010000004 46.6983 2.14110117
767 Sn 53.085709200000004 46.6983 1.763508
768 Se 50.05975401 46.6983 0.07977383
769 Sn 58.832794199999995 46.6983 0.457367
770 Se 59.13486099 48.77378 2.30064883
771 Sn 61.8559908 48.77378 2.678242
772 Se 64.88194598999999 48.77378 4.36197617
773 Sn 67.6030758 48.77378 3.984383
774 Se 67.30100901 46.6983 2.14110117
775 Sn 64.5798792 46.6983 1.763508
776 Se 61.553924009999996 46.6983 0.07977383
777 Sn 70.3269642 46.6983 0.457367
778 Se 70.62903099 48.77378 2.30064883
779 Sn 73.35016080000001 48.77378 2.678242
780 Se 76.37611599000002 48.77378 4.36197617
781 Sn 79.09724580000001 48.77378 3.984383
782 Se 78.79517901000001 46.6983 2.14110117
783 Sn 76.0740492 46.6983 1.763508
784 Se 73.04809401000001 46.6983 0.07977383
785 Sn 81.8211342 46.6983 0.457367
786 Se 82.12320099 48.77378 2.30064883
787 Sn 84.84433080000001 48.77378 2.678242
788 Se 87.87028599000001 48.77378 4.36197617
789 Sn 90.59141580000001 48.77378 3.984383
790 Se 90.28934901000001 46.6983 2.14110117
791 Sn 87.5682192 46.6983 1.763508
792 Se 84.54226401000001 46.6983 0.07977383
793 Sn 1.3619442 -3.11322 0.457367
794 Se 1.66401099 -1.0377400000000003 2.30064883
795 Sn 4.3851408 -1.0377400000000003 2.678242
796 Se 7.41109599 -1.0377400000000003 4.36197617
797 Sn 10.1322258 -1.0377400000000003 3.984383
798 Se 9.83015901 -3.11322 2.14110117
799 Sn 7.1090292 -3.11322 1.763508
800 Se 4.08307401 -3.11322 0.07977383
801 Sn 12.8561142 -3.11322 0.457367
802 Se 13.15818099 -1.0377400000000003 2.30064883
803 Sn 15.8793108 -1.0377400000000003 2.678242
804 Se 18.90526599 -1.0377400000000003 4.36197617
805 Sn 21.6263958 -1.0377400000000003 3.984383
806 Se 21.32432901 -3.11322 2.14110117
807 Sn 18.6031992 -3.11322 1.763508
808 Se 15.577244010000001 -3.11322 0.07977383
809 Sn 24.3502842 -3.11322 0.457367
810 Se 24.652350990000002 -1.0377400000000003 2.30064883
811 Sn 27.373480800000003 -1.0377400000000003 2.678242
812 Se 30.39943599 -1.0377400000000003 4.36197617
813 Sn 33.1205658 -1.0377400000000003 3.984383
814 Se 32.81849901 -3.11322 2.14110117
815 Sn 30.097369200000003 -3.11322 1.763508
816 Se 27.07141401 -3.11322 0.07977383
817 Sn 35.8444542 -3.11322 0.457367
818 Se 36.146520990000006 -1.0377400000000003 2.30064883
819 Sn 38.86765080000001 -1.0377400000000003 2.678242
820 Se 41.893605990000005 -1.0377400000000003 4.36197617
821 Sn 44.614735800000005 -1.0377400000000003 3.984383
822 Se 44.31266901000001 -3.11322 2.14110117
823 Sn 41.59153920000001 -3.11322 1.763508
824 Se 38.56558401 -3.11322 0.07977383
825 Sn 47.3386242 -3.11322 0.457367
826 Se 47.64069099 -1.0377400000000003 2.30064883
827 Sn 50.361820800000004 -1.0377400000000003 2.678242
828 Se 53.38777599 -1.0377400000000003 4.36197617
829 Sn 56.1089058 -1.0377400000000003 3.984383
830 Se 55.806839010000004 -3.11322 2.14110117
831 Sn 53.085709200000004 -3.11322 1.763508
832 Se 50.05975401 -3.11322 0.07977383
833 Sn 58.832794199999995 -3.11322 0.457367
834 Se 59.13486099 -1.0377400000000003 2.30064883
835 Sn 61.8559908 -1.0377400000000003 2.678242
836 Se 64.88194598999999 -1.0377400000000003 4.36197617
837 Sn 67.6030758 -1.0377400000000003 3.984383
838 Se 67.30100901 -3.11322 2.14110117
839 Sn 64.5798792 -3.11322 1.763508
840 Se 61.553924009999996 -3.11322 0.07977383
841 Sn 70.3269642 -3.11322 0.457367
842 Se 70.62903099 -1.0377400000000003 2.30064883
843 Sn 73.35016080000001 -1.0377400000000003 2.678242
844 Se 76.37611599000002 -1.0377400000000003 4.36197617
845 Sn 79.09724580000001 -1.0377400000000003 3.984383
846 Se 78.79517901000001 -3.11322 2.14110117
847 Sn 76.0740492 -3.11322 1.763508
848 Se 73.04809401000001 -3.11322 0.07977383
849 Sn 81.8211342 -3.11322 0.457367
850 Se 82.12320099 -1.0377400000000003 2.30064883
851 Sn 84.84433080000001 -1.0377400000000003 2.678242
852 Se 87.87028599000001 -1.0377400000000003 4.36197617
853 Sn 90.59141580000001 -1.0377400000000003 3.984383
854 Se 90.28934901000001 -3.11322 2.14110117
855 Sn 87.5682192 -3.11322 1.763508
856 Se 84.54226401000001 -3.11322 0.07977383
857 Sn 93.3153042 -3.11322 0.457367
858 Se 93.61737099 -1.0377400000000003 2.30064883
859 Sn 96.3385008 -1.0377400000000003 2.678242
860 Se 99.36445599000001 -1.0377400000000003 4.36197617
861 Sn 102.0855858 -1.0377400000000003 3.984383
862 Se 101.78351901 -3.11322 2.14110117
863 Sn 99.0623892 -3.11322 1.763508
864 Se 96.03643401000001 -3.11322 0.07977383
865 Sn 1.3619442 -7.2641800000000005 0.457367
866 Se 1.66401099 -5.188700000000001 2.30064883
867 Sn 4.3851408 -5.188700000000001 2.678242
868 Se 7.41109599 -5.188700000000001 4.36197617
869 Sn 10.1322258 -5.188700000000001 3.984383
870 Se 9.83015901 -7.2641800000000005 2.14110117
871 Sn 7.1090292 -7.2641800000000005 1.763508
872 Se 4.08307401 -7.2641800000000005 0.07977383
873 Sn 12.8561142 -7.2641800000000005 0.457367
874 Se 13.15818099 -5.188700000000001 2.30064883
875 Sn 15.8793108 -5.188700000000001 2.678242
876 Se 18.90526599 -5.188700000000001 4.36197617
877 Sn 21.6263958 -5.188700000000001 3.984383
878 Se 21.32432901 -7.2641800000000005 2.14110117
879 Sn 18.6031992 -7.2641800000000005 1.763508
880 Se 15.577244010000001 -7.2641800000000005 0.07977383
881 Sn 24.3502842 -7.2641800000000005 0.457367
882 Se 24.652350990000002 -5.188700000000001 2.30064883
883 Sn 27.373480800000003 -5.188700000000001 2.678242
884 Se 30.39943599 -5.188700000000001 4.36197617
885 Sn 33.1205658 -5.188700000000001 3.984383
886 Se 32.81849901 -7.2641800000000005 2.14110117
887 Sn 30.097369200000003 -7.2641800000000005 1.763508
888 Se 27.07141401 -7.2641800000000005 0.07977383
889 Sn 35.8444542 -7.2641800000000005 0.457367
890 Se 36.146520990000006 -5.188700000000001 2.30064883
891 Sn 38.86765080000001 -5.188700000000001 2.678242
892 Se 41.893605990000005 -5.188700000000001 4.36197617
893 Sn 44.614735800000005 -5.188700000000001 3.984383
894 Se 44.31266901000001 -7.2641800000000005 2.14110117
895 Sn 41.59153920000001 -7.2641800000000005 1.763508
896 Se 38.56558401 -7.2641800000000005 0.07977383
897 Sn 47.3386242 -7.2641800000000005 0.457367
898 Se 47.64069099 -5.188700000000001 2.30064883
899 Sn 50.361820800000004 -5.188700000000001 2.678242
900 Se 53.38777599 -5.188700000000001 4.36197617
901 Sn 56.1089058 -5.188700000000001 3.984383
902 Se 55.806839010000004 -7.2641800000000005 2.14110117
903 Sn 53.085709200000004 -7.2641800000000005 1.763508
904 Se 50.05975401 -7.2641800000000005 0.07977383
905 Sn 58.832794199999995 -7.2641800000000005 0.457367
906 Se 59.13486099 -5.188700000000001 2.30064883
907 Sn 61.8559908 -5.188700000000001 2.678242
908 Se 64.88194598999999 -5.188700000000001 4.36197617
909 Sn 67.6030758 -5.188700000000001 3.984383
910 Se 67.30100901 -7.2641800000000005 2.14110117
911 Sn 64.5798792 -7.2641800000000005 1.763508
912 Se 61.553924009999996 -7.2641800000000005 0.07977383
913 Sn 70.3269642 -7.2641800000000005 0.457367
914 Se 70.62903099 -5.188700000000001 2.30064883
915 Sn 73.35016080000001 -5.188700000000001 2.678242
916 Se 76.37611599000002 -5.188700000000001 4.36197617
917 Sn 79.09724580000001 -5.188700000000001 3.984383
918 Se 78.79517901000001 -7.2641800000000005 2.14110117
919 Sn 76.0740492 -7.2641800000000005 1.763508
920 Se 73.04809401000001 -7.2641800000000005 0.07977383
921 Sn 81.8211342 -7.2641800000000005 0.457367
922 Se 82.12320099 -5.188700000000001 2.30064883
923 Sn 84.84433080000001 -5.188700000000001 2.678242
924 Se 87.87028599000001 -5.188700000000001 4.36197617
925 Sn 90.59141580000001 -5.188700000000001 3.984383
926 Se 90.28934901000001 -7.2641800000000005 2.14110117
927 Sn 87.5682192 -7.2641800000000005 1.763508
928 Se 84.54226401000001 -7.2641800000000005 0.07977383
929 Sn 93.3153042 -7.2641800000000005 0.457367
930 Se 93.61737099 -5.188700000000001 2.30064883
931 Sn 96.3385008 -5.188700000000001 2.678242
932 Se 99.36445599000001 -5.188700000000001 4.36197617
933 Sn 102.0855858 -5.188700000000001 3.984383
934 Se 101.78351901 -7.2641800000000005 2.14110117
935 Sn 99.0623892 -7.2641800000000005 1.763508
936 Se 96.03643401000001 -7.2641800000000005 0.07977383
937 Sn 1.3619442 -11.415140000000001 0.457367
938 Se 1.66401099 -9.33966 2.30064883
939 Sn 4.3851408 -9.33966 2.678242
940 Se 7.41109599 -9.33966 4.36197617
941 Sn 10.1322258 -9.33966 3.984383
942 Se 9.83015901 -11.415140000000001 2.14110117
943 Sn 7.1090292 -11.415140000000001 1.763508
944 Se 4.08307401 -11.415140000000001 0.07977383
945 Sn 12.8561142 -11.415140000000001 0.457367
946 Se 13.15818099 -9.33966 2.30064883
947 Sn 15.8793108 -9.33966 2.678242
948 Se 18.90526599 -9.33966 4.36197617
949 Sn 21.6263958 -9.33966 3.984383
950 Se 21.32432901 -11.415140000000001 2.14110117
951 Sn 18.6031992 -11.415140000000001 1.763508
952 Se 15.577244010000001 -11.415140000000001 0.07977383
953 Sn 24.3502842 -11.415140000000001 0.457367
954 Se 24.652350990000002 -9.33966 2.30064883
955 Sn 27.373480800000003 -9.33966 2.678242
956 Se 30.39943599 -9.33966 4.36197617
957 Sn 33.1205658 -9.33966 3.984383
958 Se 32.81849901 -11.415140000000001 2.14110117
959 Sn 30.097369200000003 -11.415140000000001 1.763508
960 Se 27.07141401 -11.415140000000001 0.07977383
961 Sn 35.8444542 -11.415140000000001 0.457367
962 Se 36.146520990000006 -9.33966 2.30064883
963 Sn 38.86765080000001 -9.33966 2.678242
964 Se 41.893605990000005 -9.33966 4.36197617
965 Sn 44.614735800000005 -9.33966 3.984383
966 Se 44.31266901000001 -11.415140000000001 2.14110117
967 Sn 41.59153920000001 -11.415140000000001 1.763508
968 Se 38.56558401 -11.415140000000001 0.07977383
969 Sn 47.3386242 -11.415140000000001 0.457367
970 Se 47.64069099 -9.33966 2.30064883
971 Sn 50.361820800000004 -9.33966 2.678242
972 Se 53.38777599 -9.33966 4.36197617
973 Sn 56.1089058 -9.33966 3.984383
974 Se 55.806839010000004 -11.415140000000001 2.14110117
975 Sn 53.085709200000004 -11.415140000000001 1.763508
976 Se 50.05975401 -11.415140000000001 0.07977383
977 Sn 58.832794199999995 -11.415140000000001 0.457367
978 Se 59.13486099 -9.33966 2.30064883
979 Sn 61.8559908 -9.33966 2.678242
980 Se 64.88194598999999 -9.33966 4.36197617
981 Sn 67.6030758 -9.33966 3.984383
982 Se 67.30100901 -11.415140000000001 2.14110117
983 Sn 64.5798792 -11.415140000000001 1.763508
984 Se 61.553924009999996 -11.415140000000001 0.07977383
985 Sn 70.3269642 -11.415140000000001 0.457367
986 Se 70.62903099 -9.33966 2.30064883
987 Sn 73.35016080000001 -9.33966 2.678242
988 Se 76.37611599000002 -9.33966 4.36197617
989 Sn 79.09724580000001 -9.33966 3.984383
990 Se 78.79517901000001 -11.415140000000001 2.14110117
991 Sn 76.0740492 -11.415140000000001 1.763508
992 Se 73.04809401000001 -11.415140000000001 0.07977383
993 Sn 81.8211342 -11.415140000000001 0.457367
994 Se 82.12320099 -9.33966 2.30064883
995 Sn 84.84433080000001 -9.33966 2.678242
996 Se 87.87028599000001 -9.33966 4.36197617
997 Sn 90.59141580000001 -9.33966 3.984383
998 Se 90.28934901000001 -11.415140000000001 2.14110117
999 Sn 87.5682192 -11.415140000000001 1.763508
1000 Se 84.54226401000001 -11.415140000000001 0.07977383
1001 Sn 93.3153042 -11.415140000000001 0.457367
1002 Se 93.61737099 -9.33966 2.30064883
1003 Sn 96.3385008 -9.33966 2.678242
1004 Se 99.36445599000001 -9.33966 4.36197617
1005 Sn 102.0855858 -9.33966 3.984383
1006 Se 101.78351901 -11.415140000000001 2.14110117
1007 Sn 99.0623892 -11.415140000000001 1.763508
1008 Se 96.03643401000001 -11.415140000000001 0.07977383
1009 Sn 1.3619442 -15.566100000000002 0.457367
1010 Se 1.66401099 -13.490620000000002 2.30064883
1011 Sn 4.3851408 -13.490620000000002 2.678242
1012 Se 7.41109599 -13.490620000000002 4.36197617
1013 Sn 10.1322258 -13.490620000000002 3.984383
1014 Se 9.83015901 -15.566100000000002 2.14110117
1015 Sn 7.1090292 -15.566100000000002 1.763508
1016 Se 4.08307401 -15.566100000000002 0.07977383
1017 Sn 12.8561142 -15.566100000000002 0.457367
1018 Se 13.15818099 -13.490620000000002 2.30064883
1019 Sn 15.8793108 -13.490620000000002 2.678242
1020 Se 18.90526599 -13.490620000000002 4.36197617
1021 Sn 21.6263958 -13.490620000000002 3.984383
1022 Se 21.32432901 -15.566100000000002 2.14110117
1023 Sn 18.6031992 -15.566100000000002 1.763508
1024 Se 15.577244010000001 -15.566100000000002 0.07977383
1025 Sn 24.3502842 -15.566100000000002 0.457367
1026 Se 24.652350990000002 -13.490620000000002 2.30064883
1027 Sn 27.373480800000003 -13.490620000000002 2.678242
1028 Se 30.39943599 -13.490620000000002 4.36197617
1029 Sn 33.1205658 -13.490620000000002 3.984383
1030 Se 32.81849901 -15.566100000000002 2.14110117
1031 Sn 30.097369200000003 -15.566100000000002 1.763508
1032 Se 27.07141401 -15.566100000000002 0.07977383
1033 Sn 35.8444542 -15.566100000000002 0.457367
1034 Se 36.146520990000006 -13.490620000000002 2.30064883
1035 Sn 38.86765080000001 -13.490620000000002 2.678242
1036 Se 41.893605990000005 -13.490620000000002 4.36197617
1037 Sn 44.614735800000005 -13.490620000000002 3.984383
1038 Se 44.31266901000001 -15.566100000000002 2.14110117
1039 Sn 41.59153920000001 -15.566100000000002 1.763508
1040 Se 38.56558401 -15.566100000000002 0.07977383
1041 Sn 47.3386242 -15.566100000000002 0.457367
1042 Se 47.64069099 -13.490620000000002 2.30064883
1043 Sn 50.361820800000004 -13.490620000000002 2.678242
1044 Se 53.38777599 -13.490620000000002 4.36197617
1045 Sn 56.1089058 -13.490620000000002 3.984383
1046 Se 55.806839010000004 -15.566100000000002 2.14110117
1047 Sn 53.085709200000004 -15.566100000000002 1.763508
1048 Se 50.05975401 -15.566100000000002 0.07977383
1049 Sn 58.832794199999995 -15.566100000000002 0.457367
1050 Se 59.13486099 -13.490620000000002 2.30064883
1051 Sn 61.8559908 -13.490620000000002 2.678242
1052 Se 64.88194598999999 -13.490620000000002 4.36197617
1053 Sn 67.6030758 -13.490620000000002 3.984383
1054 Se 67.30100901 -15.566100000000002 2.14110117
1055 Sn 64.5798792 -15.566100000000002 1.763508
1056 Se 61.553924009999996 -15.566100000000002 0.07977383
1057 Sn 70.3269642 -15.566100000000002 0.457367
1058 Se 70.62903099 -13.490620000000002 2.30064883
1059 Sn 73.35016080000001 -13.490620000000002 2.678242
1060 Se 76.37611599000002 -13.490620000000002 4.36197617
1061 Sn 79.09724580000001 -13.490620000000002 3.984383
1062 Se 78.79517901000001 -15.566100000000002 2.14110117
1063 Sn 76.0740492 -15.566100000000002 1.763508
1064 Se 73.04809401000001 -15.566100000000002 0.07977383
1065 Sn 81.8211342 -15.566100000000002 0.457367
1066 Se 82.12320099 -13.490620000000002 2.30064883
1067 Sn 84.84433080000001 -13.490620000000002 2.678242
1068 Se 87.87028599000001 -13.490620000000002 4.36197617
1069 Sn 90.59141580000001 -13.490620000000002 3.984383
1070 Se 90.28934901000001 -15.566100000000002 2.14110117
1071 Sn 87.5682192 -15.566100000000002 1.763508
1072 Se 84.54226401000001 -15.566100000000002 0.07977383
1073 Sn 93.3153042 -15.566100000000002 0.457367
1074 Se 93.61737099 -13.490620000000002 2.30064883
1075 Sn 96.3385008 -13.490620000000002 2.678242
1076 Se 99.36445599000001 -13.490620000000002 4.36197617
1077 Sn 102.0855858 -13.490620000000002 3.984383
1078 Se 101.78351901 -15.566100000000002 2.14110117
1079 Sn 99.0623892 -15.566100000000002 1.763508
1080 Se 96.03643401000001 -15.566100000000002 0.07977383
1081 Sn 1.3619442 -19.717060000000004 0.457367
1082 Se 1.66401099 -17.641580000000005 2.30064883
1083 Sn 4.3851408 -17.641580000000005 2.678242
1084 Se 7.41109599 -17.641580000000005 4.36197617
1085 Sn 10.1322258 -17.641580000000005 3.984383
1086 Se 9.83015901 -19.717060000000004 2.14110117
1087 Sn 7.1090292 -19.717060000000004 1.763508
1088 Se 4.08307401 -19.717060000000004 0.07977383
1089 Sn 12.8561142 -19.717060000000004 0.457367
1090 Se 13.15818099 -17.641580000000005 2.30064883
1091 Sn 15.8793108 -17.641580000000005 2.678242
1092 Se 18.90526599 -17.641580000000005 4.36197617
1093 Sn 21.6263958 -17.641580000000005 3.984383
1094 Se 21.32432901 -19.717060000000004 2.14110117
1095 Sn 18.6031992 -19.717060000000004 1.763508
1096 Se 15.577244010000001 -19.717060000000004 0.07977383
1097 Sn 24.3502842 -19.717060000000004 0.457367
1098 Se 24.652350990000002 -17.641580000000005 2.30064883
1099 Sn 27.373480800000003 -17.641580000000005 2.678242
1100 Se 30.39943599 -17.641580000000005 4.36197617
1101 Sn 33.1205658 -17.641580000000005 3.984383
1102 Se 32.81849901 -19.717060000000004 2.14110117
1103 Sn 30.097369200000003 -19.717060000000004 1.763508
1104 Se 27.07141401 -19.717060000000004 0.07977383
1105 Sn 35.8444542 -19.717060000000004 0.457367
1106 Se 36.146520990000006 -17.641580000000005 2.30064883
1107 Sn 38.86765080000001 -17.641580000000005 2.678242
1108 Se 41.893605990000005 -17.641580000000005 4.36197617
1109 Sn 44.614735800000005 -17.641580000000005 3.984383
1110 Se 44.31266901000001 -19.717060000000004 2.14110117
1111 Sn 41.59153920000001 -19.717060000000004 1.763508
1112 Se 38.56558401 -19.717060000000004 0.07977383
1113 Sn 47.3386242 -19.717060000000004 0.457367
1114 Se 47.64069099 -17.641580000000005 2.30064883
1115 Sn 50.361820800000004 -17.641580000000005 2.678242
1116 Se 53.38777599 -17.641580000000005 4.36197617
1117 Sn 56.1089058 -17.641580000000005 3.984383
1118 Se 55.806839010000004 -19.717060000000004 2.14110117
1119 Sn 53.085709200000004 -19.717060000000004 1.763508
1120 Se 50.05975401 -19.717060000000004 0.07977383
1121 Sn 58.832794199999995 -19.717060000000004 0.457367
1122 Se 59.13486099 -17.641580000000005 2.30064883
1123 Sn 61.8559908 -17.641580000000005 2.678242
1124 Se 64.88194598999999 -17.641580000000005 4.36197617
1125 Sn 67.6030758 -17.641580000000005 3.984383
1126 Se 67.30100901 -19.717060000000004 2.14110117
1127 Sn 64.5798792 -19.717060000000004 1.763508
1128 Se 61.553924009999996 -19.717060000000004 0.07977383
1129 Sn 70.3269642 -19.717060000000004 0.457367
1130 Se 70.62903099 -17.641580000000005 2.30064883
1131 Sn 73.35016080000001 -17.641580000000005 2.678242
1132 Se 76.37611599000002 -17.641580000000005 4.36197617
1133 Sn 79.09724580000001 -17.641580000000005 3.984383
1134 Se 78.79517901000001 -19.717060000000004 2.14110117
1135 Sn 76.0740492 -19.717060000000004 1.763508
1136 Se 73.04809401000001 -19.717060000000004 0.07977383
1137 Sn 81.8211342 -19.717060000000004 0.457367
1138 Se 82.12320099 -17.641580000000005 2.30064883
1139 Sn 84.84433080000001 -17.641580000000005 2.678242
1140 Se 87.87028599000001 -17.641580000000005 4.36197617
1141 Sn 90.59141580000001 -17.641580000000005 3.984383
1142 Se 90.28934901000001 -19.717060000000004 2.14110117
1143 Sn 87.5682192 -19.717060000000004 1.763508
1144 Se 84.54226401000001 -19.717060000000004 0.07977383
1145 Sn 93.3153042 -19.717060000000004 0.457367
1146 Se 93.61737099 -17.641580000000005 2.30064883
1147 Sn 96.3385008 -17.641580000000005 2.678242
1148 Se 99.36445599000001 -17.641580000000005 4.36197617
1149 Sn 102.0855858 -17.641580000000005 3.984383
1150 Se 101.78351901 -19.717060000000004 2.14110117
1151 Sn 99.0623892 -19.717060000000004 1.763508
1152 Se 96.03643401000001 -19.717060000000004 0.07977383
1153 Sn 1.3619442 -23.86802 0.457367
1154 Se 1.66401099 -21.792540000000002 2.30064883
1155 Sn 4.3851408 -21.792540000000002 2.678242
1156 Se 7.41109599 -21.792540000000002 4.36197617
1157 Sn 10.1322258 -21.792540000000002 3.984383
1158 Se 9.83015901 -23.86802 2.14110117
1159 Sn 7.1090292 -23.86802 1.763508
1160 Se 4.08307401 -23.86802 0.07977383
1161 Sn 12.8561142 -23.86802 0.457367
1162 Se 13.15818099 -21.792540000000002 2.30064883
1163 Sn 15.8793108 -21.792540000000002 2.678242
1164 Se 18.90526599 -21.792540000000002 4.36197617
1165 Sn 21.6263958 -21.792540000000002 3.984383
1166 Se 21.32432901 -23.86802 2.14110117
1167 Sn 18.6031992 -23.86802 1.763508
1168 Se 15.577244010000001 -23.86802 0.07977383
1169 Sn 24.3502842 -23.86802 0.457367
1170 Se 24.652350990000002 -21.792540000000002 2.30064883
1171 Sn 27.373480800000003 -21.792540000000002 2.678242
1172 Se 30.39943599 -21.792540000000002 4.36197617
1173 Sn 33.1205658 -21.792540000000002 3.984383
1174 Se 32.81849901 -23.86802 2.14110117
1175 Sn 30.097369200000003 -23.86802 1.763508
1176 Se 27.07141401 -23.86802 0.07977383
1177 Sn 35.8444542 -23.86802 0.457367
1178 Se 36.146520990000006 -21.792540000000002 2.30064883
1179 Sn 38.86765080000001 -21.792540000000002 2.678242
1180 Se 41.893605990000005 -21.792540000000002 4.36197617
1181 Sn 44.614735800000005 -21.792540000000002 3.984383
1182 Se 44.31266901000001 -23.86802 2.14110117
1183 Sn 41.59153920000001 -23.86802 1.763508
1184 Se 38.56558401 -23.86802 0.07977383
1185 Sn 47.3386242 -23.86802 0.457367
1186 Se 47.64069099 -21.792540000000002 2.30064883
1187 Sn 50.361820800000004 -21.792540000000002 2.678242
1188 Se 53.38777599 -21.792540000000002 4.36197617
1189 Sn 56.1089058 -21.792540000000002 3.984383
1190 Se 55.806839010000004 -23.86802 2.14110117
1191 Sn 53.085709200000004 -23.86802 1.763508
1192 Se 50.05975401 -23.86802 0.07977383
1193 Sn 58.832794199999995 -23.86802 0.457367
1194 Se 59.13486099 -21.792540000000002 2.30064883
1195 Sn 61.8559908 -21.792540000000002 2.678242
1196 Se 64.88194598999999 -21.792540000000002 4.36197617
1197 Sn 67.6030758 -21.792540000000002 3.984383
1198 Se 67.30100901 -23.86802 2.14110117
1199 Sn 64.5798792 -23.86802 1.763508
1200 Se 61.553924009999996 -23.86802 0.07977383
1201 Sn 70.3269642 -23.86802 0.457367
1202 Se 70.62903099 -21.792540000000002 2.30064883
1203 Sn 73.35016080000001 -21.792540000000002 2.678242
1204 Se 76.37611599000002 -21.792540000000002 4.36197617
1205 Sn 79.09724580000001 -21.792540000000002 3.984383
1206 Se 78.79517901000001 -23.86802 2.14110117
1207 Sn 76.0740492 -23.86802 1.763508
1208 Se 73.04809401000001 -23.86802 0.07977383
1209 Sn 81.8211342 -23.86802 0.457367
1210 Se 82.12320099 -21.792540000000002 2.30064883
1211 Sn 84.84433080000001 -21.792540000000002 2.678242
1212 Se 87.87028599000001 -21.792540000000002 4.36197617
1213 Sn 90.59141580000001 -21.792540000000002 3.984383
1214 Se 90.28934901000001 -23.86802 2.14110117
1215 Sn 87.5682192 -23.86802 1.763508
1216 Se 84.54226401000001 -23.86802 0.07977383
1217 Sn 93.3153042 -23.86802 0.457367
1218 Se 93.61737099 -21.792540000000002 2.30064883
1219 Sn 96.3385008 -21.792540000000002 2.678242
1220 Se 99.36445599000001 -21.792540000000002 4.36197617
1221 Sn 102.0855858 -21.792540000000002 3.984383
1222 Se 101.78351901 -23.86802 2.14110117
1223 Sn 99.0623892 -23.86802 1.763508
1224 Se 96.03643401000001 -23.86802 0.07977383
1225 Sn 7.1090292 -28.018980000000003 0.457367
1226 Se 7.41109599 -25.9435 2.30064883
1227 Sn 10.1322258 -25.9435 2.678242
1228 Se 13.15818099 -25.9435 4.36197617
1229 Sn 15.8793108 -25.9435 3.984383
1230 Se 15.57724401 -28.018980000000003 2.14110117
1231 Sn 12.8561142 -28.018980000000003 1.763508
1232 Se 9.83015901 -28.018980000000003 0.07977383
1233 Sn 18.603199200000002 -28.018980000000003 0.457367
1234 Se 18.905265990000004 -25.9435 2.30064883
1235 Sn 21.626395800000004 -25.9435 2.678242
1236 Se 24.652350990000002 -25.9435 4.36197617
1237 Sn 27.373480800000003 -25.9435 3.984383
1238 Se 27.07141401 -28.018980000000003 2.14110117
1239 Sn 24.350284200000004 -28.018980000000003 1.763508
1240 Se 21.324329010000003 -28.018980000000003 0.07977383
1241 Sn 30.0973692 -28.018980000000003 0.457367
1242 Se 30.39943599 -25.9435 2.30064883
1243 Sn 33.1205658 -25.9435 2.678242
1244 Se 36.14652099 -25.9435 4.36197617
1245 Sn 38.8676508 -25.9435 3.984383
1246 Se 38.565584009999995 -28.018980000000003 2.14110117
1247 Sn 35.8444542 -28.018980000000003 1.763508
1248 Se 32.81849901 -28.018980000000003 0.07977383
1249 Sn 41.5915392 -28.018980000000003 0.457367
1250 Se 41.893605990000005 -25.9435 2.30064883
1251 Sn 44.614735800000005 -25.9435 2.678242
1252 Se 47.64069099 -25.9435 4.36197617
1253 Sn 50.361820800000004 -25.9435 3.984383
1254 Se 50.059754010000006 -28.018980000000003 2.14110117
1255 Sn 47.338624200000005 -28.018980000000003 1.763508
1256 Se 44.31266901 -28.018980000000003 0.07977383
1257 Sn 53.0857092 -28.018980000000003 0.457367
1258 Se 53.38777599 -25.9435 2.30064883
1259 Sn 56.1089058 -25.9435 2.678242
1260 Se 59.13486099 -25.9435 4.36197617
1261 Sn 61.8559908 -25.9435 3.984383
1262 Se 61.55392401 -28.018980000000003 2.14110117
1263 Sn 58.8327942 -28.018980000000003 1.763508
1264 Se 55.80683901 -28.018980000000003 0.07977383
1265 Sn 64.57987920000001 -28.018980000000003 0.457367
1266 Se 64.88194599 -25.9435 2.30064883
1267 Sn 67.6030758 -25.9435 2.678242
1268 Se 70.62903099 -25.9435 4.36197617
1269 Sn 73.3501608 -25.9435 3.984383
1270 Se 73.04809401 -28.018980000000003 2.14110117
1271 Sn 70.3269642 -28.018980000000003 1.763508
1272 Se 67.30100901 -28.018980000000003 0.07977383
1273 Sn 76.0740492 -28.018980000000003 0.457367
1274 Se 76.37611599 -25.9435 2.30064883
1275 Sn 79.09724580000001 -25.9435 2.678242
1276 Se 82.12320099000002 -25.9435 4.36197617
1277 Sn 84.84433080000001 -25.9435 3.984383
1278 Se 84.54226401000001 -28.018980000000003 2.14110117
1279 Sn 81.8211342 -28.018980000000003 1.763508
1280 Se 78.79517901000001 -28.018980000000003 0.07977383
1281 Sn 87.5682192 -28.018980000000003 0.457367
1282 Se 87.87028599 -25.9435 2.30064883
1283 Sn 90.59141580000001 -25.9435 2.678242
1284 Se 93.61737099000001 -25.9435 4.36197617
1285 Sn 96.3385008 -25.9435 3.984383
1286 Se 96.03643401000001 -28.018980000000003 2.14110117
1287 Sn 93.3153042 -28.018980000000003 1.763508
1288 Se 90.28934901000001 -28.018980000000003 0.07977383
1289 Sn 7.1090292 -32.169940000000004 0.457367
1290 Se 7.41109599 -30.094460000000005 2.30064883
1291 Sn 10.1322258 -30.094460000000005 2.678242
1292 Se 13.15818099 -30.094460000000005 4.36197617
1293 Sn 15.8793108 -30.094460000000005 3.984383
1294 Se 15.57724401 -32.169940000000004 2.14110117
1295 Sn 12.8561142 -32.169940000000004 1.763508
1296 Se 9.83015901 -32.169940000000004 0.07977383
1297 Sn 18.603199200000002 -32.169940000000004 0.457367
1298 Se 18.905265990000004 -30.094460000000005 2.30064883
1299 Sn 21.626395800000004 -30.094460000000005 2.678242
1300 Se 24.652350990000002 -30.094460000000005 4.36197617
1301 Sn 27.373480800000003 -30.094460000000005 3.984383
1302 Se 27.07141401 -32.169940000000004 2.14110117
1303 Sn 24.350284200000004 -32.169940000000004 1.763508
1304 Se 21.324329010000003 -32.169940000000004 0.07977383
1305 Sn 30.0973692 -32.169940000000004 0.457367
1306 Se 30.39943599 -30.094460000000005 2.30064883
1307 Sn 33.1205658 -30.094460000000005 2.678242
1308 Se 36.14652099 -30.094460000000005 4.36197617
1309 Sn 38.8676508 -30.094460000000005 3.984383
1310 Se 38.565584009999995 -32.169940000000004 2.14110117
1311 Sn 35.8444542 -32.169940000000004 1.763508
1312 Se 32.81849901 -32.169940000000004 0.07977383
1313 Sn 41.5915392 -32.169940000000004 0.457367
1314 Se 41.893605990000005 -30.094460000000005 2.30064883
1315 Sn 44.614735800000005 -30.094460000000005 2.678242
1316 Se 47.64069099 -30.094460000000005 4.36197617
1317 Sn 50.361820800000004 -30.094460000000005 3.984383
1318 Se 50.059754010000006 -32.169940000000004 2.14110117
1319 Sn 47.338624200000005 -32.169940000000004 1.763508
1320 Se 44.31266901 -32.169940000000004 0.07977383
1321 Sn 53.0857092 -32.169940000000004 0.457367
1322 Se 53.38777599 -30.094460000000005 2.30064883
1323 Sn 56.1089058 -30.094460000000005 2.678242
1324 Se 59.13486099 -30.094460000000005 4.36197617
1325 Sn 61.8559908 -30.094460000000005 3.984383
1326 Se 61.55392401 -32.169940000000004 2.14110117
1327 Sn 58.8327942 -32.169940000000004 1.763508
1328 Se 55.80683901 -32.169940000000004 0.07977383
1329 Sn 64.57987920000001 -32.169940000000004 0.457367
1330 Se 64.88194599 -30.094460000000005 2.30064883
1331 Sn 67.6030758 -30.094460000000005 2.678242
1332 Se 70.62903099 -30.094460000000005 4.36197617
1333 Sn 73.3501608 -30.094460000000005 3.984383
1334 Se 73.04809401 -32.169940000000004 2.14110117
1335 Sn 70.3269642 -32.169940000000004 1.763508
1336 Se 67.30100901 -32.169940000000004 0.07977383
1337 Sn 76.0740492 -32.169940000000004 0.457367
1338 Se 76.37611599 -30.094460000000005 2.30064883
1339 Sn 79.09724580000001 -30.094460000000005 2.678242
1340 Se 82.12320099000002 -30.094460000000005 4.36197617
1341 Sn 84.84433080000001 -30.094460000000005 3.984383
1342 Se 84.54226401000001 -32.169940000000004 2.14110117
1343 Sn 81.8211342 -32.169940000000004 1.763508
1344 Se 78.79517901000001 -32.169940000000004 0.07977383
1345 Sn 87.5682192 -32.169940000000004 0.457367
1346 Se 87.87028599 -30.094460000000005 2.30064883
1347 Sn 90.59141580000001 -30.094460000000005 2.678242
1348 Se 93.61737099000001 -30.094460000000005 4.36197617
1349 Sn 96.3385008 -30.094460000000005 3.984383
1350 Se 96.03643401000001 -32.169940000000004 2.14110117
1351 Sn 93.3153042 -32.169940000000004 1.763508
1352 Se 90.28934901000001 -32.169940000000004 0.07977383
1353 Sn 7.1090292 -36.3209 0.457367
1354 Se 7.41109599 -34.24542 2.30064883
1355 Sn 10.1322258 -34.24542 2.678242
1356 Se 13.15818099 -34.24542 4.36197617
1357 Sn 15.8793108 -34.24542 3.984383
1358 Se 15.57724401 -36.3209 2.14110117
1359 Sn 12.8561142 -36.3209 1.763508
1360 Se 9.83015901 -36.3209 0.07977383
1361 Sn 18.603199200000002 -36.3209 0.457367
1362 Se 18.905265990000004 -34.24542 2.30064883
1363 Sn 21.626395800000004 -34.24542 2.678242
1364 Se 24.652350990000002 -34.24542 4.36197617
1365 Sn 27.373480800000003 -34.24542 3.984383
1366 Se 27.07141401 -36.3209 2.14110117
1367 Sn 24.350284200000004 -36.3209 1.763508
1368 Se 21.324329010000003 -36.3209 0.07977383
1369 Sn 30.0973692 -36.3209 0.457367
1370 Se 30.39943599 -34.24542 2.30064883
1371 Sn 33.1205658 -34.24542 2.678242
1372 Se 36.14652099 -34.24542 4.36197617
1373 Sn 38.8676508 -34.24542 3.984383
1374 Se 38.565584009999995 -36.3209 2.14110117
1375 Sn 35.8444542 -36.3209 1.763508
1376 Se 32.81849901 -36.3209 0.07977383
1377 Sn 41.5915392 -36.3209 0.457367
1378 Se 41.893605990000005 -34.24542 2.30064883
1379 Sn 44.614735800000005 -34.24542 2.678242
1380 Se 47.64069099 -34.24542 4.36197617
1381 Sn 50.361820800000004 -34.24542 3.984383
1382 Se 50.059754010000006 -36.3209 2.14110117
1383 Sn 47.338624200000005 -36.3209 1.763508
1384 Se 44.31266901 -36.3209 0.07977383
1385 Sn 53.0857092 -36.3209 0.457367
1386 Se 53.38777599 -34.24542 2.30064883
1387 Sn 56.1089058 -34.24542 2.678242
1388 Se 59.13486099 -34.24542 4.36197617
1389 Sn 61.8559908 -34.24542 3.984383
1390 Se 61.55392401 -36.3209 2.14110117
1391 Sn 58.8327942 -36.3209 1.763508
1392 Se 55.80683901 -36.3209 0.07977383
1393 Sn 64.57987920000001 -36.3209 0.457367
1394 Se 64.88194599 -34.24542 2.30064883
1395 Sn 67.6030758 -34.24542 2.678242
1396 Se 70.62903099 -34.24542 4.36197617
1397 Sn 73.3501608 -34.24542 3.984383
1398 Se 73.04809401 -36.3209 2.14110117
1399 Sn 70.3269642 -36.3209 1.763508
1400 Se 67.30100901 -36.3209 0.07977383
1401 Sn 76.0740492 -36.3209 0.457367
1402 Se 76.37611599 -34.24542 2.30064883
1403 Sn 79.09724580000001 -34.24542 2.678242
1404 Se 82.12320099000002 -34.24542 4.36197617
1405 Sn 84.84433080000001 -34.24542 3.984383
1406 Se 84.54226401000001 -36.3209 2.14110117
1407 Sn 81.8211342 -36.3209 1.763508
1408 Se 78.79517901000001 -36.3209 0.07977383
1409 Sn 87.5682192 -36.3209 0.457367
1410 Se 87.87028599 -34.24542 2.30064883
1411 Sn 90.59141580000001 -34.24542 2.678242
1412 Se 93.61737099000001 -34.24542 4.36197617
1413 Sn 96.3385008 -34.24542 3.984383
1414 Se 96.03643401000001 -36.3209 2.14110117
1415 Sn 93.3153042 -36.3209 1.763508
1416 Se 90.28934901000001 -36.3209 0.07977383
1417 Sn 12.8561142 -40.47186000000001 0.457367
1418 Se 13.15818099 -38.39638000000001 2.30064883
1419 Sn 15.8793108 -38.39638000000001 2.678242
1420 Se 18.90526599 -38.39638000000001 4.36197617
1421 Sn 21.6263958 -38.39638000000001 3.984383
1422 Se 21.32432901 -40.47186000000001 2.14110117
1423 Sn 18.6031992 -40.47186000000001 1.763508
1424 Se 15.577244010000001 -40.47186000000001 0.07977383
1425 Sn 24.3502842 -40.47186000000001 0.457367
1426 Se 24.652350990000002 -38.39638000000001 2.30064883
1427 Sn 27.373480800000003 -38.39638000000001 2.678242
1428 Se 30.39943599 -38.39638000000001 4.36197617
1429 Sn 33.1205658 -38.39638000000001 3.984383
1430 Se 32.81849901 -40.47186000000001 2.14110117
1431 Sn 30.097369200000003 -40.47186000000001 1.763508
1432 Se 27.07141401 -40.47186000000001 0.07977383
1433 Sn 35.8444542 -40.47186000000001 0.457367
1434 Se 36.146520990000006 -38.39638000000001 2.30064883
1435 Sn 38.86765080000001 -38.39638000000001 2.678242
1436 Se 41.893605990000005 -38.39638000000001 4.36197617
1437 Sn 44.614735800000005 -38.39638000000001 3.984383
1438 Se 44.31266901000001 -40.47186000000001 2.14110117
1439 Sn 41.59153920000001 -40.47186000000001 1.763508
1440 Se 38.56558401 -40.47186000000001 0.07977383
1441 Sn 47.3386242 -40.47186000000001 0.457367
1442 Se 47.64069099 -38.39638000000001 2.30064883
1443 Sn 50.361820800000004 -38.39638000000001 2.678242
1444 Se 53.38777599 -38.39638000000001 4.36197617
1445 Sn 56.1089058 -38.39638000000001 3.984383
1446 Se 55.806839010000004 -40.47186000000001 2.14110117
1447 Sn 53.085709200000004 -40.47186000000001 1.763508
1448 Se 50.05975401 -40.47186000000001 0.07977383
1449 Sn 58.832794199999995 -40.47186000000001 0.457367
1450 Se 59.13486099 -38.39638000000001 2.30064883
1451 Sn 61.8559908 -38.39638000000001 2.678242
1452 Se 64.88194598999999 -38.39638000000001 4.36197617
1453 Sn 67.6030758 -38.39638000000001 3.984383
1454 Se 67.30100901 -40.47186000000001 2.14110117
1455 Sn 64.5798792 -40.47186000000001 1.763508
1456 Se 61.553924009999996 -40.47186000000001 0.07977383
1457 Sn 70.3269642 -40.47186000000001 0.457367
1458 Se 70.62903099 -38.39638000000001 2.30064883
1459 Sn 73.35016080000001 -38.39638000000001 2.678242
1460 Se 76.37611599000002 -38.39638000000001 4.36197617
1461 Sn 79.09724580000001 -38.39638000000001 3.984383
1462 Se 78.79517901000001 -40.47186000000001 2.14110117
1463 Sn 76.0740492 -40.47186000000001 1.763508
1464 Se 73.04809401000001 -40.47186000000001 0.07977383
1465 Sn 81.8211342 -40.47186000000001 0.457367
1466 Se 82.12320099 -38.39638000000001 2.30064883
1467 Sn 84.84433080000001 -38.39638000000001 2.678242
1468 Se 87.87028599000001 -38.39638000000001 4.36197617
1469 Sn 90.59141580000001 -38.39638000000001 3.984383
1470 Se 90.28934901000001 -40.47186000000001 2.14110117
1471 Sn 87.5682192 -40.47186000000001 1.763508
1472 Se 84.54226401000001 -40.47186000000001 0.07977383
1473 Sn 12.8561142 -44.622820000000004 0.457367
1474 Se 13.15818099 -42.547340000000005 2.30064883
1475 Sn 15.8793108 -42.547340000000005 2.678242
1476 Se 18.90526599 -42.547340000000005 4.36197617
1477 Sn 21.6263958 -42.547340000000005 3.984383
1478 Se 21.32432901 -44.622820000000004 2.14110117
1479 Sn 18.6031992 -44.622820000000004 1.763508
1480 Se 15.577244010000001 -44.622820000000004 0.07977383
1481 Sn 24.3502842 -44.622820000000004 0.457367
1482 Se 24.652350990000002 -42.547340000000005 2.30064883
1483 Sn 27.373480800000003 -42.547340000000005 2.678242
1484 Se 30.39943599 -42.547340000000005 4.36197617
1485 Sn 33.1205658 -42.547340000000005 3.984383
1486 Se 32.81849901 -44.622820000000004 2.14110117
1487 Sn 30.097369200000003 -44.622820000000004 1.763508
1488 Se 27.07141401 -44.622820000000004 0.07977383
1489 Sn 35.8444542 -44.622820000000004 0.457367
1490 Se 36.146520990000006 -42.547340000000005 2.30064883
1491 Sn 38.86765080000001 -42.547340000000005 2.678242
1492 Se 41.893605990000005 -42.547340000000005 4.36197617
1493 Sn 44.614735800000005 -42.547340000000005 3.984383
1494 Se 44.31266901000001 -44.622820000000004 2.14110117
1495 Sn 41.59153920000001 -44.622820000000004 1.763508
1496 Se 38.56558401 -44.622820000000004 0.07977383
1497 Sn 47.3386242 -44.622820000000004 0.457367
1498 Se 47.64069099 -42.547340000000005 2.30064883
1499 Sn 50.361820800000004 -42.547340000000005 2.678242
1500 Se 53.38777599 -42.547340000000005 4.36197617
1501 Sn 56.1089058 -42.547340000000005 3.984383
1502 Se 55.806839010000004 -44.622820000000004 2.14110117
1503 Sn 53.085709200000004 -44.622820000000004 1.763508
1504 Se 50.05975401 -44.622820000000004 0.07977383
1505 Sn 58.832794199999995 -44.622820000000004 0.457367
1506 Se 59.13486099 -42.547340000000005 2.30064883
1507 Sn 61.8559908 -42.547340000000005 2.678242
1508 Se 64.88194598999999 -42.547340000000005 4.36197617
1509 Sn 67.6030758 -42.547340000000005 3.984383
1510 Se 67.30100901 -44.622820000000004 2.14110117
1511 Sn 64.5798792 -44.622820000000004 1.763508
1512 Se 61.553924009999996 -44.622820000000004 0.07977383
1513 Sn 70.3269642 -44.622820000000004 0.457367
1514 Se 70.62903099 -42.547340000000005 2.30064883
1515 Sn 73.35016080000001 -42.547340000000005 2.678242
1516 Se 76.37611599000002 -42.547340000000005 4.36197617
1517 Sn 79.09724580000001 -42.547340000000005 3.984383
1518 Se 78.79517901000001 -44.622820000000004 2.14110117
1519 Sn 76.0740492 -44.622820000000004 1.763508
1520 Se 73.04809401000001 -44.622820000000004 0.07977383
1521 Sn 81.8211342 -44.622820000000004 0.457367
1522 Se 82.12320099 -42.547340000000005 2.30064883
1523 Sn 84.84433080000001 -42.547340000000005 2.678242
1524 Se 87.87028599000001 -42.547340000000005 4.36197617
1525 Sn 90.59141580000001 -42.547340000000005 3.984383
1526 Se 90.28934901000001 -44.622820000000004 2.14110117
1527 Sn 87.5682192 -44.622820000000004 1.763508
1528 Se 84.54226401000001 -44.622820000000004 0.07977383
1529 Sn 12.8561142 -48.77378 0.457367
1530 Se 13.15818099 -46.6983 2.30064883
1531 Sn 15.8793108 -46.6983 2.678242
1532 Se 18.90526599 -46.6983 4.36197617
1533 Sn 21.6263958 -46.6983 3.984383
1534 Se 21.32432901 -48.77378 2.14110117
1535 Sn 18.6031992 -48.77378 1.763508
1536 Se 15.577244010000001 -48.77378 0.07977383
1537 Sn 24.3502842 -48.77378 0.457367
1538 Se 24.652350990000002 -46.6983 2.30064883
1539 Sn 27.373480800000003 -46.6983 2.678242
1540 Se 30.39943599 -46.6983 4.36197617
1541 Sn 33.1205658 -46.6983 3.984383
1542 Se 32.81849901 -48.77378 2.14110117
1543 Sn 30.097369200000003 -48.77378 1.763508
1544 Se 27.07141401 -48.77378 0.07977383
1545 Sn 35.8444542 -48.77378 0.457367
1546 Se 36.146520990000006 -46.6983 2.30064883
1547 Sn 38.86765080000001 -46.6983 2.678242
1548 Se 41.893605990000005 -46.6983 4.36197617
1549 Sn 44.614735800000005 -46.6983 3.984383
1550 Se 44.31266901000001 -48.77378 2.14110117
1551 Sn 41.59153920000001 -48.77378 1.763508
1552 Se 38.56558401 -48.77378 0.07977383
1553 Sn 47.3386242 -48.77378 0.457367
1554 Se 47.64069099 -46.6983 2.30064883
1555 Sn 50.361820800000004 -46.6983 2.678242
1556 Se 53.38777599 -46.6983 4.36197617
1557 Sn 56.1089058 -46.6983 3.984383
1558 Se 55.806839010000004 -48.77378 2.14110117
1559 Sn 53.085709200000004 -48.77378 1.763508
1560 Se 50.05975401 -48.77378 0.07977383
1561 Sn 58.832794199999995 -48.77378 0.457367
1562 Se 59.13486099 -46.6983 2.30064883
1563 Sn 61.8559908 -46.6983 2.678242
1564 Se 64.88194598999999 -46.6983 4.36197617
1565 Sn 67.6030758 -46.6983 3.984383
1566 Se 67.30100901 -48.77378 2.14110117
1567 Sn 64.5798792 -48.77378 1.763508
1568 Se 61.553924009999996 -48.77378 0.07977383
1569 Sn 70.3269642 -48.77378 0.457367
1570 Se 70.62903099 -46.6983 2.30064883
1571 Sn 73.35016080000001 -46.6983 2.678242
1572 Se 76.37611599000002 -46.6983 4.36197617
1573 Sn 79.09724580000001 -46.6983 3.984383
1574 Se 78.79517901000001 -48.77378 2.14110117
1575 Sn 76.0740492 -48.77378 1.763508
1576 Se 73.04809401000001 -48.77378 0.07977383
1577 Sn 81.8211342 -48.77378 0.457367
1578 Se 82.12320099 -46.6983 2.30064883
1579 Sn 84.84433080000001 -46.6983 2.678242
1580 Se 87.87028599000001 -46.6983 4.36197617
1581 Sn 90.59141580000001 -46.6983 3.984383
1582 Se 90.28934901000001 -48.77378 2.14110117
1583 Sn 87.5682192 -48.77378 1.763508
1584 Se 84.54226401000001 -48.77378 0.07977383
