Final Proj(SnSe)
; Lattice of SnSe (Primitive Orthorhombic)
Geometry
11
1 Sn 1.3619442 1.03774 0.457367
2 Se 1.66401099 3.11322 2.30064883
3 Sn 4.3851408 3.11322 2.678242
4 Se 7.41109599 3.11322 4.36197617
5 Sn 10.1322258 3.11322 3.984383
6 Se 9.83015901 1.03774 2.14110117
7 Sn 7.1090292 1.03774 1.763508
8 Se 4.08307401 1.03774 0.07977383
; Set lattice constants
;x = a = 11.49417, y = b = 4.15096, z = c = 4.44175
9 Sn 12.8561142 1.03774 0.457367
10 Sn 1.3619442 5.1887 0.457367
11 Sn 1.3619442 1.03774 4.899117
;swap b & c
;10 Sn 1.3619442 5.47949 0.457367
;11 Sn 1.3619442 1.03774 4.608327
Lattice
; Lattice dimension
3
; Number of lattice overlaps
11 11 11
;  begin atom -> end atom
1 9
1 10
1 11
charge
0
band
100
; Special point
10
Gamma 0.0 0.0 0.0
X 0.5 0.0 0.0
S 0.5 0.5 0
Y 0 0.5 0
Gamma 0.0 0.0 0.0
Z 0 0 0.5
U 0.5 0 0.5
R 0.5 0.5 0.5
T 0 0.5 0.5
Z 0 0 0.5
;Y 0 0.5 0
;T 0 0.5 0.5
;U 0.5 0 0.5
;X 0.5 0.0 0.0
;S 0.5 0.5 0
;R 0.5 0.5 0.5
;;Get COOP
;COOP
;4
;;type which(orbital) contrib1 contrib2 a b c
;Atom 1 1 2 0 0 0
;Atom 2 1 2 0 0 0
;Atom 3 1 2 0 0 0
;Atom 4 1 2 0 0 0
; include average properties
average properties
projected DOS
; # of proj. DOS's
2
;Sn
atom 1 1, 3 1, 5 1, 7 1
;Se
atom 2 1, 4 1, 6 1, 8 1
; set K points
K points
1331
0.0 0.0 0.0 1
0.05 0.0 0.0 1
0.1 0.0 0.0 1
0.15 0.0 0.0 1
0.2 0.0 0.0 1
0.25 0.0 0.0 1
0.3 0.0 0.0 1
0.35 0.0 0.0 1
0.4 0.0 0.0 1
0.45 0.0 0.0 1
0.5 0.0 0.0 1
0.0 0.05 0.0 1
0.05 0.05 0.0 1
0.1 0.05 0.0 1
0.15 0.05 0.0 1
0.2 0.05 0.0 1
0.25 0.05 0.0 1
0.3 0.05 0.0 1
0.35 0.05 0.0 1
0.4 0.05 0.0 1
0.45 0.05 0.0 1
0.5 0.05 0.0 1
0.0 0.1 0.0 1
0.05 0.1 0.0 1
0.1 0.1 0.0 1
0.15 0.1 0.0 1
0.2 0.1 0.0 1
0.25 0.1 0.0 1
0.3 0.1 0.0 1
0.35 0.1 0.0 1
0.4 0.1 0.0 1
0.45 0.1 0.0 1
0.5 0.1 0.0 1
0.0 0.15 0.0 1
0.05 0.15 0.0 1
0.1 0.15 0.0 1
0.15 0.15 0.0 1
0.2 0.15 0.0 1
0.25 0.15 0.0 1
0.3 0.15 0.0 1
0.35 0.15 0.0 1
0.4 0.15 0.0 1
0.45 0.15 0.0 1
0.5 0.15 0.0 1
0.0 0.2 0.0 1
0.05 0.2 0.0 1
0.1 0.2 0.0 1
0.15 0.2 0.0 1
0.2 0.2 0.0 1
0.25 0.2 0.0 1
0.3 0.2 0.0 1
0.35 0.2 0.0 1
0.4 0.2 0.0 1
0.45 0.2 0.0 1
0.5 0.2 0.0 1
0.0 0.25 0.0 1
0.05 0.25 0.0 1
0.1 0.25 0.0 1
0.15 0.25 0.0 1
0.2 0.25 0.0 1
0.25 0.25 0.0 1
0.3 0.25 0.0 1
0.35 0.25 0.0 1
0.4 0.25 0.0 1
0.45 0.25 0.0 1
0.5 0.25 0.0 1
0.0 0.3 0.0 1
0.05 0.3 0.0 1
0.1 0.3 0.0 1
0.15 0.3 0.0 1
0.2 0.3 0.0 1
0.25 0.3 0.0 1
0.3 0.3 0.0 1
0.35 0.3 0.0 1
0.4 0.3 0.0 1
0.45 0.3 0.0 1
0.5 0.3 0.0 1
0.0 0.35 0.0 1
0.05 0.35 0.0 1
0.1 0.35 0.0 1
0.15 0.35 0.0 1
0.2 0.35 0.0 1
0.25 0.35 0.0 1
0.3 0.35 0.0 1
0.35 0.35 0.0 1
0.4 0.35 0.0 1
0.45 0.35 0.0 1
0.5 0.35 0.0 1
0.0 0.4 0.0 1
0.05 0.4 0.0 1
0.1 0.4 0.0 1
0.15 0.4 0.0 1
0.2 0.4 0.0 1
0.25 0.4 0.0 1
0.3 0.4 0.0 1
0.35 0.4 0.0 1
0.4 0.4 0.0 1
0.45 0.4 0.0 1
0.5 0.4 0.0 1
0.0 0.45 0.0 1
0.05 0.45 0.0 1
0.1 0.45 0.0 1
0.15 0.45 0.0 1
0.2 0.45 0.0 1
0.25 0.45 0.0 1
0.3 0.45 0.0 1
0.35 0.45 0.0 1
0.4 0.45 0.0 1
0.45 0.45 0.0 1
0.5 0.45 0.0 1
0.0 0.5 0.0 1
0.05 0.5 0.0 1
0.1 0.5 0.0 1
0.15 0.5 0.0 1
0.2 0.5 0.0 1
0.25 0.5 0.0 1
0.3 0.5 0.0 1
0.35 0.5 0.0 1
0.4 0.5 0.0 1
0.45 0.5 0.0 1
0.5 0.5 0.0 1
0.0 0.0 0.05 1
0.05 0.0 0.05 1
0.1 0.0 0.05 1
0.15 0.0 0.05 1
0.2 0.0 0.05 1
0.25 0.0 0.05 1
0.3 0.0 0.05 1
0.35 0.0 0.05 1
0.4 0.0 0.05 1
0.45 0.0 0.05 1
0.5 0.0 0.05 1
0.0 0.05 0.05 1
0.05 0.05 0.05 1
0.1 0.05 0.05 1
0.15 0.05 0.05 1
0.2 0.05 0.05 1
0.25 0.05 0.05 1
0.3 0.05 0.05 1
0.35 0.05 0.05 1
0.4 0.05 0.05 1
0.45 0.05 0.05 1
0.5 0.05 0.05 1
0.0 0.1 0.05 1
0.05 0.1 0.05 1
0.1 0.1 0.05 1
0.15 0.1 0.05 1
0.2 0.1 0.05 1
0.25 0.1 0.05 1
0.3 0.1 0.05 1
0.35 0.1 0.05 1
0.4 0.1 0.05 1
0.45 0.1 0.05 1
0.5 0.1 0.05 1
0.0 0.15 0.05 1
0.05 0.15 0.05 1
0.1 0.15 0.05 1
0.15 0.15 0.05 1
0.2 0.15 0.05 1
0.25 0.15 0.05 1
0.3 0.15 0.05 1
0.35 0.15 0.05 1
0.4 0.15 0.05 1
0.45 0.15 0.05 1
0.5 0.15 0.05 1
0.0 0.2 0.05 1
0.05 0.2 0.05 1
0.1 0.2 0.05 1
0.15 0.2 0.05 1
0.2 0.2 0.05 1
0.25 0.2 0.05 1
0.3 0.2 0.05 1
0.35 0.2 0.05 1
0.4 0.2 0.05 1
0.45 0.2 0.05 1
0.5 0.2 0.05 1
0.0 0.25 0.05 1
0.05 0.25 0.05 1
0.1 0.25 0.05 1
0.15 0.25 0.05 1
0.2 0.25 0.05 1
0.25 0.25 0.05 1
0.3 0.25 0.05 1
0.35 0.25 0.05 1
0.4 0.25 0.05 1
0.45 0.25 0.05 1
0.5 0.25 0.05 1
0.0 0.3 0.05 1
0.05 0.3 0.05 1
0.1 0.3 0.05 1
0.15 0.3 0.05 1
0.2 0.3 0.05 1
0.25 0.3 0.05 1
0.3 0.3 0.05 1
0.35 0.3 0.05 1
0.4 0.3 0.05 1
0.45 0.3 0.05 1
0.5 0.3 0.05 1
0.0 0.35 0.05 1
0.05 0.35 0.05 1
0.1 0.35 0.05 1
0.15 0.35 0.05 1
0.2 0.35 0.05 1
0.25 0.35 0.05 1
0.3 0.35 0.05 1
0.35 0.35 0.05 1
0.4 0.35 0.05 1
0.45 0.35 0.05 1
0.5 0.35 0.05 1
0.0 0.4 0.05 1
0.05 0.4 0.05 1
0.1 0.4 0.05 1
0.15 0.4 0.05 1
0.2 0.4 0.05 1
0.25 0.4 0.05 1
0.3 0.4 0.05 1
0.35 0.4 0.05 1
0.4 0.4 0.05 1
0.45 0.4 0.05 1
0.5 0.4 0.05 1
0.0 0.45 0.05 1
0.05 0.45 0.05 1
0.1 0.45 0.05 1
0.15 0.45 0.05 1
0.2 0.45 0.05 1
0.25 0.45 0.05 1
0.3 0.45 0.05 1
0.35 0.45 0.05 1
0.4 0.45 0.05 1
0.45 0.45 0.05 1
0.5 0.45 0.05 1
0.0 0.5 0.05 1
0.05 0.5 0.05 1
0.1 0.5 0.05 1
0.15 0.5 0.05 1
0.2 0.5 0.05 1
0.25 0.5 0.05 1
0.3 0.5 0.05 1
0.35 0.5 0.05 1
0.4 0.5 0.05 1
0.45 0.5 0.05 1
0.5 0.5 0.05 1
0.0 0.0 0.1 1
0.05 0.0 0.1 1
0.1 0.0 0.1 1
0.15 0.0 0.1 1
0.2 0.0 0.1 1
0.25 0.0 0.1 1
0.3 0.0 0.1 1
0.35 0.0 0.1 1
0.4 0.0 0.1 1
0.45 0.0 0.1 1
0.5 0.0 0.1 1
0.0 0.05 0.1 1
0.05 0.05 0.1 1
0.1 0.05 0.1 1
0.15 0.05 0.1 1
0.2 0.05 0.1 1
0.25 0.05 0.1 1
0.3 0.05 0.1 1
0.35 0.05 0.1 1
0.4 0.05 0.1 1
0.45 0.05 0.1 1
0.5 0.05 0.1 1
0.0 0.1 0.1 1
0.05 0.1 0.1 1
0.1 0.1 0.1 1
0.15 0.1 0.1 1
0.2 0.1 0.1 1
0.25 0.1 0.1 1
0.3 0.1 0.1 1
0.35 0.1 0.1 1
0.4 0.1 0.1 1
0.45 0.1 0.1 1
0.5 0.1 0.1 1
0.0 0.15 0.1 1
0.05 0.15 0.1 1
0.1 0.15 0.1 1
0.15 0.15 0.1 1
0.2 0.15 0.1 1
0.25 0.15 0.1 1
0.3 0.15 0.1 1
0.35 0.15 0.1 1
0.4 0.15 0.1 1
0.45 0.15 0.1 1
0.5 0.15 0.1 1
0.0 0.2 0.1 1
0.05 0.2 0.1 1
0.1 0.2 0.1 1
0.15 0.2 0.1 1
0.2 0.2 0.1 1
0.25 0.2 0.1 1
0.3 0.2 0.1 1
0.35 0.2 0.1 1
0.4 0.2 0.1 1
0.45 0.2 0.1 1
0.5 0.2 0.1 1
0.0 0.25 0.1 1
0.05 0.25 0.1 1
0.1 0.25 0.1 1
0.15 0.25 0.1 1
0.2 0.25 0.1 1
0.25 0.25 0.1 1
0.3 0.25 0.1 1
0.35 0.25 0.1 1
0.4 0.25 0.1 1
0.45 0.25 0.1 1
0.5 0.25 0.1 1
0.0 0.3 0.1 1
0.05 0.3 0.1 1
0.1 0.3 0.1 1
0.15 0.3 0.1 1
0.2 0.3 0.1 1
0.25 0.3 0.1 1
0.3 0.3 0.1 1
0.35 0.3 0.1 1
0.4 0.3 0.1 1
0.45 0.3 0.1 1
0.5 0.3 0.1 1
0.0 0.35 0.1 1
0.05 0.35 0.1 1
0.1 0.35 0.1 1
0.15 0.35 0.1 1
0.2 0.35 0.1 1
0.25 0.35 0.1 1
0.3 0.35 0.1 1
0.35 0.35 0.1 1
0.4 0.35 0.1 1
0.45 0.35 0.1 1
0.5 0.35 0.1 1
0.0 0.4 0.1 1
0.05 0.4 0.1 1
0.1 0.4 0.1 1
0.15 0.4 0.1 1
0.2 0.4 0.1 1
0.25 0.4 0.1 1
0.3 0.4 0.1 1
0.35 0.4 0.1 1
0.4 0.4 0.1 1
0.45 0.4 0.1 1
0.5 0.4 0.1 1
0.0 0.45 0.1 1
0.05 0.45 0.1 1
0.1 0.45 0.1 1
0.15 0.45 0.1 1
0.2 0.45 0.1 1
0.25 0.45 0.1 1
0.3 0.45 0.1 1
0.35 0.45 0.1 1
0.4 0.45 0.1 1
0.45 0.45 0.1 1
0.5 0.45 0.1 1
0.0 0.5 0.1 1
0.05 0.5 0.1 1
0.1 0.5 0.1 1
0.15 0.5 0.1 1
0.2 0.5 0.1 1
0.25 0.5 0.1 1
0.3 0.5 0.1 1
0.35 0.5 0.1 1
0.4 0.5 0.1 1
0.45 0.5 0.1 1
0.5 0.5 0.1 1
0.0 0.0 0.15 1
0.05 0.0 0.15 1
0.1 0.0 0.15 1
0.15 0.0 0.15 1
0.2 0.0 0.15 1
0.25 0.0 0.15 1
0.3 0.0 0.15 1
0.35 0.0 0.15 1
0.4 0.0 0.15 1
0.45 0.0 0.15 1
0.5 0.0 0.15 1
0.0 0.05 0.15 1
0.05 0.05 0.15 1
0.1 0.05 0.15 1
0.15 0.05 0.15 1
0.2 0.05 0.15 1
0.25 0.05 0.15 1
0.3 0.05 0.15 1
0.35 0.05 0.15 1
0.4 0.05 0.15 1
0.45 0.05 0.15 1
0.5 0.05 0.15 1
0.0 0.1 0.15 1
0.05 0.1 0.15 1
0.1 0.1 0.15 1
0.15 0.1 0.15 1
0.2 0.1 0.15 1
0.25 0.1 0.15 1
0.3 0.1 0.15 1
0.35 0.1 0.15 1
0.4 0.1 0.15 1
0.45 0.1 0.15 1
0.5 0.1 0.15 1
0.0 0.15 0.15 1
0.05 0.15 0.15 1
0.1 0.15 0.15 1
0.15 0.15 0.15 1
0.2 0.15 0.15 1
0.25 0.15 0.15 1
0.3 0.15 0.15 1
0.35 0.15 0.15 1
0.4 0.15 0.15 1
0.45 0.15 0.15 1
0.5 0.15 0.15 1
0.0 0.2 0.15 1
0.05 0.2 0.15 1
0.1 0.2 0.15 1
0.15 0.2 0.15 1
0.2 0.2 0.15 1
0.25 0.2 0.15 1
0.3 0.2 0.15 1
0.35 0.2 0.15 1
0.4 0.2 0.15 1
0.45 0.2 0.15 1
0.5 0.2 0.15 1
0.0 0.25 0.15 1
0.05 0.25 0.15 1
0.1 0.25 0.15 1
0.15 0.25 0.15 1
0.2 0.25 0.15 1
0.25 0.25 0.15 1
0.3 0.25 0.15 1
0.35 0.25 0.15 1
0.4 0.25 0.15 1
0.45 0.25 0.15 1
0.5 0.25 0.15 1
0.0 0.3 0.15 1
0.05 0.3 0.15 1
0.1 0.3 0.15 1
0.15 0.3 0.15 1
0.2 0.3 0.15 1
0.25 0.3 0.15 1
0.3 0.3 0.15 1
0.35 0.3 0.15 1
0.4 0.3 0.15 1
0.45 0.3 0.15 1
0.5 0.3 0.15 1
0.0 0.35 0.15 1
0.05 0.35 0.15 1
0.1 0.35 0.15 1
0.15 0.35 0.15 1
0.2 0.35 0.15 1
0.25 0.35 0.15 1
0.3 0.35 0.15 1
0.35 0.35 0.15 1
0.4 0.35 0.15 1
0.45 0.35 0.15 1
0.5 0.35 0.15 1
0.0 0.4 0.15 1
0.05 0.4 0.15 1
0.1 0.4 0.15 1
0.15 0.4 0.15 1
0.2 0.4 0.15 1
0.25 0.4 0.15 1
0.3 0.4 0.15 1
0.35 0.4 0.15 1
0.4 0.4 0.15 1
0.45 0.4 0.15 1
0.5 0.4 0.15 1
0.0 0.45 0.15 1
0.05 0.45 0.15 1
0.1 0.45 0.15 1
0.15 0.45 0.15 1
0.2 0.45 0.15 1
0.25 0.45 0.15 1
0.3 0.45 0.15 1
0.35 0.45 0.15 1
0.4 0.45 0.15 1
0.45 0.45 0.15 1
0.5 0.45 0.15 1
0.0 0.5 0.15 1
0.05 0.5 0.15 1
0.1 0.5 0.15 1
0.15 0.5 0.15 1
0.2 0.5 0.15 1
0.25 0.5 0.15 1
0.3 0.5 0.15 1
0.35 0.5 0.15 1
0.4 0.5 0.15 1
0.45 0.5 0.15 1
0.5 0.5 0.15 1
0.0 0.0 0.2 1
0.05 0.0 0.2 1
0.1 0.0 0.2 1
0.15 0.0 0.2 1
0.2 0.0 0.2 1
0.25 0.0 0.2 1
0.3 0.0 0.2 1
0.35 0.0 0.2 1
0.4 0.0 0.2 1
0.45 0.0 0.2 1
0.5 0.0 0.2 1
0.0 0.05 0.2 1
0.05 0.05 0.2 1
0.1 0.05 0.2 1
0.15 0.05 0.2 1
0.2 0.05 0.2 1
0.25 0.05 0.2 1
0.3 0.05 0.2 1
0.35 0.05 0.2 1
0.4 0.05 0.2 1
0.45 0.05 0.2 1
0.5 0.05 0.2 1
0.0 0.1 0.2 1
0.05 0.1 0.2 1
0.1 0.1 0.2 1
0.15 0.1 0.2 1
0.2 0.1 0.2 1
0.25 0.1 0.2 1
0.3 0.1 0.2 1
0.35 0.1 0.2 1
0.4 0.1 0.2 1
0.45 0.1 0.2 1
0.5 0.1 0.2 1
0.0 0.15 0.2 1
0.05 0.15 0.2 1
0.1 0.15 0.2 1
0.15 0.15 0.2 1
0.2 0.15 0.2 1
0.25 0.15 0.2 1
0.3 0.15 0.2 1
0.35 0.15 0.2 1
0.4 0.15 0.2 1
0.45 0.15 0.2 1
0.5 0.15 0.2 1
0.0 0.2 0.2 1
0.05 0.2 0.2 1
0.1 0.2 0.2 1
0.15 0.2 0.2 1
0.2 0.2 0.2 1
0.25 0.2 0.2 1
0.3 0.2 0.2 1
0.35 0.2 0.2 1
0.4 0.2 0.2 1
0.45 0.2 0.2 1
0.5 0.2 0.2 1
0.0 0.25 0.2 1
0.05 0.25 0.2 1
0.1 0.25 0.2 1
0.15 0.25 0.2 1
0.2 0.25 0.2 1
0.25 0.25 0.2 1
0.3 0.25 0.2 1
0.35 0.25 0.2 1
0.4 0.25 0.2 1
0.45 0.25 0.2 1
0.5 0.25 0.2 1
0.0 0.3 0.2 1
0.05 0.3 0.2 1
0.1 0.3 0.2 1
0.15 0.3 0.2 1
0.2 0.3 0.2 1
0.25 0.3 0.2 1
0.3 0.3 0.2 1
0.35 0.3 0.2 1
0.4 0.3 0.2 1
0.45 0.3 0.2 1
0.5 0.3 0.2 1
0.0 0.35 0.2 1
0.05 0.35 0.2 1
0.1 0.35 0.2 1
0.15 0.35 0.2 1
0.2 0.35 0.2 1
0.25 0.35 0.2 1
0.3 0.35 0.2 1
0.35 0.35 0.2 1
0.4 0.35 0.2 1
0.45 0.35 0.2 1
0.5 0.35 0.2 1
0.0 0.4 0.2 1
0.05 0.4 0.2 1
0.1 0.4 0.2 1
0.15 0.4 0.2 1
0.2 0.4 0.2 1
0.25 0.4 0.2 1
0.3 0.4 0.2 1
0.35 0.4 0.2 1
0.4 0.4 0.2 1
0.45 0.4 0.2 1
0.5 0.4 0.2 1
0.0 0.45 0.2 1
0.05 0.45 0.2 1
0.1 0.45 0.2 1
0.15 0.45 0.2 1
0.2 0.45 0.2 1
0.25 0.45 0.2 1
0.3 0.45 0.2 1
0.35 0.45 0.2 1
0.4 0.45 0.2 1
0.45 0.45 0.2 1
0.5 0.45 0.2 1
0.0 0.5 0.2 1
0.05 0.5 0.2 1
0.1 0.5 0.2 1
0.15 0.5 0.2 1
0.2 0.5 0.2 1
0.25 0.5 0.2 1
0.3 0.5 0.2 1
0.35 0.5 0.2 1
0.4 0.5 0.2 1
0.45 0.5 0.2 1
0.5 0.5 0.2 1
0.0 0.0 0.25 1
0.05 0.0 0.25 1
0.1 0.0 0.25 1
0.15 0.0 0.25 1
0.2 0.0 0.25 1
0.25 0.0 0.25 1
0.3 0.0 0.25 1
0.35 0.0 0.25 1
0.4 0.0 0.25 1
0.45 0.0 0.25 1
0.5 0.0 0.25 1
0.0 0.05 0.25 1
0.05 0.05 0.25 1
0.1 0.05 0.25 1
0.15 0.05 0.25 1
0.2 0.05 0.25 1
0.25 0.05 0.25 1
0.3 0.05 0.25 1
0.35 0.05 0.25 1
0.4 0.05 0.25 1
0.45 0.05 0.25 1
0.5 0.05 0.25 1
0.0 0.1 0.25 1
0.05 0.1 0.25 1
0.1 0.1 0.25 1
0.15 0.1 0.25 1
0.2 0.1 0.25 1
0.25 0.1 0.25 1
0.3 0.1 0.25 1
0.35 0.1 0.25 1
0.4 0.1 0.25 1
0.45 0.1 0.25 1
0.5 0.1 0.25 1
0.0 0.15 0.25 1
0.05 0.15 0.25 1
0.1 0.15 0.25 1
0.15 0.15 0.25 1
0.2 0.15 0.25 1
0.25 0.15 0.25 1
0.3 0.15 0.25 1
0.35 0.15 0.25 1
0.4 0.15 0.25 1
0.45 0.15 0.25 1
0.5 0.15 0.25 1
0.0 0.2 0.25 1
0.05 0.2 0.25 1
0.1 0.2 0.25 1
0.15 0.2 0.25 1
0.2 0.2 0.25 1
0.25 0.2 0.25 1
0.3 0.2 0.25 1
0.35 0.2 0.25 1
0.4 0.2 0.25 1
0.45 0.2 0.25 1
0.5 0.2 0.25 1
0.0 0.25 0.25 1
0.05 0.25 0.25 1
0.1 0.25 0.25 1
0.15 0.25 0.25 1
0.2 0.25 0.25 1
0.25 0.25 0.25 1
0.3 0.25 0.25 1
0.35 0.25 0.25 1
0.4 0.25 0.25 1
0.45 0.25 0.25 1
0.5 0.25 0.25 1
0.0 0.3 0.25 1
0.05 0.3 0.25 1
0.1 0.3 0.25 1
0.15 0.3 0.25 1
0.2 0.3 0.25 1
0.25 0.3 0.25 1
0.3 0.3 0.25 1
0.35 0.3 0.25 1
0.4 0.3 0.25 1
0.45 0.3 0.25 1
0.5 0.3 0.25 1
0.0 0.35 0.25 1
0.05 0.35 0.25 1
0.1 0.35 0.25 1
0.15 0.35 0.25 1
0.2 0.35 0.25 1
0.25 0.35 0.25 1
0.3 0.35 0.25 1
0.35 0.35 0.25 1
0.4 0.35 0.25 1
0.45 0.35 0.25 1
0.5 0.35 0.25 1
0.0 0.4 0.25 1
0.05 0.4 0.25 1
0.1 0.4 0.25 1
0.15 0.4 0.25 1
0.2 0.4 0.25 1
0.25 0.4 0.25 1
0.3 0.4 0.25 1
0.35 0.4 0.25 1
0.4 0.4 0.25 1
0.45 0.4 0.25 1
0.5 0.4 0.25 1
0.0 0.45 0.25 1
0.05 0.45 0.25 1
0.1 0.45 0.25 1
0.15 0.45 0.25 1
0.2 0.45 0.25 1
0.25 0.45 0.25 1
0.3 0.45 0.25 1
0.35 0.45 0.25 1
0.4 0.45 0.25 1
0.45 0.45 0.25 1
0.5 0.45 0.25 1
0.0 0.5 0.25 1
0.05 0.5 0.25 1
0.1 0.5 0.25 1
0.15 0.5 0.25 1
0.2 0.5 0.25 1
0.25 0.5 0.25 1
0.3 0.5 0.25 1
0.35 0.5 0.25 1
0.4 0.5 0.25 1
0.45 0.5 0.25 1
0.5 0.5 0.25 1
0.0 0.0 0.3 1
0.05 0.0 0.3 1
0.1 0.0 0.3 1
0.15 0.0 0.3 1
0.2 0.0 0.3 1
0.25 0.0 0.3 1
0.3 0.0 0.3 1
0.35 0.0 0.3 1
0.4 0.0 0.3 1
0.45 0.0 0.3 1
0.5 0.0 0.3 1
0.0 0.05 0.3 1
0.05 0.05 0.3 1
0.1 0.05 0.3 1
0.15 0.05 0.3 1
0.2 0.05 0.3 1
0.25 0.05 0.3 1
0.3 0.05 0.3 1
0.35 0.05 0.3 1
0.4 0.05 0.3 1
0.45 0.05 0.3 1
0.5 0.05 0.3 1
0.0 0.1 0.3 1
0.05 0.1 0.3 1
0.1 0.1 0.3 1
0.15 0.1 0.3 1
0.2 0.1 0.3 1
0.25 0.1 0.3 1
0.3 0.1 0.3 1
0.35 0.1 0.3 1
0.4 0.1 0.3 1
0.45 0.1 0.3 1
0.5 0.1 0.3 1
0.0 0.15 0.3 1
0.05 0.15 0.3 1
0.1 0.15 0.3 1
0.15 0.15 0.3 1
0.2 0.15 0.3 1
0.25 0.15 0.3 1
0.3 0.15 0.3 1
0.35 0.15 0.3 1
0.4 0.15 0.3 1
0.45 0.15 0.3 1
0.5 0.15 0.3 1
0.0 0.2 0.3 1
0.05 0.2 0.3 1
0.1 0.2 0.3 1
0.15 0.2 0.3 1
0.2 0.2 0.3 1
0.25 0.2 0.3 1
0.3 0.2 0.3 1
0.35 0.2 0.3 1
0.4 0.2 0.3 1
0.45 0.2 0.3 1
0.5 0.2 0.3 1
0.0 0.25 0.3 1
0.05 0.25 0.3 1
0.1 0.25 0.3 1
0.15 0.25 0.3 1
0.2 0.25 0.3 1
0.25 0.25 0.3 1
0.3 0.25 0.3 1
0.35 0.25 0.3 1
0.4 0.25 0.3 1
0.45 0.25 0.3 1
0.5 0.25 0.3 1
0.0 0.3 0.3 1
0.05 0.3 0.3 1
0.1 0.3 0.3 1
0.15 0.3 0.3 1
0.2 0.3 0.3 1
0.25 0.3 0.3 1
0.3 0.3 0.3 1
0.35 0.3 0.3 1
0.4 0.3 0.3 1
0.45 0.3 0.3 1
0.5 0.3 0.3 1
0.0 0.35 0.3 1
0.05 0.35 0.3 1
0.1 0.35 0.3 1
0.15 0.35 0.3 1
0.2 0.35 0.3 1
0.25 0.35 0.3 1
0.3 0.35 0.3 1
0.35 0.35 0.3 1
0.4 0.35 0.3 1
0.45 0.35 0.3 1
0.5 0.35 0.3 1
0.0 0.4 0.3 1
0.05 0.4 0.3 1
0.1 0.4 0.3 1
0.15 0.4 0.3 1
0.2 0.4 0.3 1
0.25 0.4 0.3 1
0.3 0.4 0.3 1
0.35 0.4 0.3 1
0.4 0.4 0.3 1
0.45 0.4 0.3 1
0.5 0.4 0.3 1
0.0 0.45 0.3 1
0.05 0.45 0.3 1
0.1 0.45 0.3 1
0.15 0.45 0.3 1
0.2 0.45 0.3 1
0.25 0.45 0.3 1
0.3 0.45 0.3 1
0.35 0.45 0.3 1
0.4 0.45 0.3 1
0.45 0.45 0.3 1
0.5 0.45 0.3 1
0.0 0.5 0.3 1
0.05 0.5 0.3 1
0.1 0.5 0.3 1
0.15 0.5 0.3 1
0.2 0.5 0.3 1
0.25 0.5 0.3 1
0.3 0.5 0.3 1
0.35 0.5 0.3 1
0.4 0.5 0.3 1
0.45 0.5 0.3 1
0.5 0.5 0.3 1
0.0 0.0 0.35 1
0.05 0.0 0.35 1
0.1 0.0 0.35 1
0.15 0.0 0.35 1
0.2 0.0 0.35 1
0.25 0.0 0.35 1
0.3 0.0 0.35 1
0.35 0.0 0.35 1
0.4 0.0 0.35 1
0.45 0.0 0.35 1
0.5 0.0 0.35 1
0.0 0.05 0.35 1
0.05 0.05 0.35 1
0.1 0.05 0.35 1
0.15 0.05 0.35 1
0.2 0.05 0.35 1
0.25 0.05 0.35 1
0.3 0.05 0.35 1
0.35 0.05 0.35 1
0.4 0.05 0.35 1
0.45 0.05 0.35 1
0.5 0.05 0.35 1
0.0 0.1 0.35 1
0.05 0.1 0.35 1
0.1 0.1 0.35 1
0.15 0.1 0.35 1
0.2 0.1 0.35 1
0.25 0.1 0.35 1
0.3 0.1 0.35 1
0.35 0.1 0.35 1
0.4 0.1 0.35 1
0.45 0.1 0.35 1
0.5 0.1 0.35 1
0.0 0.15 0.35 1
0.05 0.15 0.35 1
0.1 0.15 0.35 1
0.15 0.15 0.35 1
0.2 0.15 0.35 1
0.25 0.15 0.35 1
0.3 0.15 0.35 1
0.35 0.15 0.35 1
0.4 0.15 0.35 1
0.45 0.15 0.35 1
0.5 0.15 0.35 1
0.0 0.2 0.35 1
0.05 0.2 0.35 1
0.1 0.2 0.35 1
0.15 0.2 0.35 1
0.2 0.2 0.35 1
0.25 0.2 0.35 1
0.3 0.2 0.35 1
0.35 0.2 0.35 1
0.4 0.2 0.35 1
0.45 0.2 0.35 1
0.5 0.2 0.35 1
0.0 0.25 0.35 1
0.05 0.25 0.35 1
0.1 0.25 0.35 1
0.15 0.25 0.35 1
0.2 0.25 0.35 1
0.25 0.25 0.35 1
0.3 0.25 0.35 1
0.35 0.25 0.35 1
0.4 0.25 0.35 1
0.45 0.25 0.35 1
0.5 0.25 0.35 1
0.0 0.3 0.35 1
0.05 0.3 0.35 1
0.1 0.3 0.35 1
0.15 0.3 0.35 1
0.2 0.3 0.35 1
0.25 0.3 0.35 1
0.3 0.3 0.35 1
0.35 0.3 0.35 1
0.4 0.3 0.35 1
0.45 0.3 0.35 1
0.5 0.3 0.35 1
0.0 0.35 0.35 1
0.05 0.35 0.35 1
0.1 0.35 0.35 1
0.15 0.35 0.35 1
0.2 0.35 0.35 1
0.25 0.35 0.35 1
0.3 0.35 0.35 1
0.35 0.35 0.35 1
0.4 0.35 0.35 1
0.45 0.35 0.35 1
0.5 0.35 0.35 1
0.0 0.4 0.35 1
0.05 0.4 0.35 1
0.1 0.4 0.35 1
0.15 0.4 0.35 1
0.2 0.4 0.35 1
0.25 0.4 0.35 1
0.3 0.4 0.35 1
0.35 0.4 0.35 1
0.4 0.4 0.35 1
0.45 0.4 0.35 1
0.5 0.4 0.35 1
0.0 0.45 0.35 1
0.05 0.45 0.35 1
0.1 0.45 0.35 1
0.15 0.45 0.35 1
0.2 0.45 0.35 1
0.25 0.45 0.35 1
0.3 0.45 0.35 1
0.35 0.45 0.35 1
0.4 0.45 0.35 1
0.45 0.45 0.35 1
0.5 0.45 0.35 1
0.0 0.5 0.35 1
0.05 0.5 0.35 1
0.1 0.5 0.35 1
0.15 0.5 0.35 1
0.2 0.5 0.35 1
0.25 0.5 0.35 1
0.3 0.5 0.35 1
0.35 0.5 0.35 1
0.4 0.5 0.35 1
0.45 0.5 0.35 1
0.5 0.5 0.35 1
0.0 0.0 0.4 1
0.05 0.0 0.4 1
0.1 0.0 0.4 1
0.15 0.0 0.4 1
0.2 0.0 0.4 1
0.25 0.0 0.4 1
0.3 0.0 0.4 1
0.35 0.0 0.4 1
0.4 0.0 0.4 1
0.45 0.0 0.4 1
0.5 0.0 0.4 1
0.0 0.05 0.4 1
0.05 0.05 0.4 1
0.1 0.05 0.4 1
0.15 0.05 0.4 1
0.2 0.05 0.4 1
0.25 0.05 0.4 1
0.3 0.05 0.4 1
0.35 0.05 0.4 1
0.4 0.05 0.4 1
0.45 0.05 0.4 1
0.5 0.05 0.4 1
0.0 0.1 0.4 1
0.05 0.1 0.4 1
0.1 0.1 0.4 1
0.15 0.1 0.4 1
0.2 0.1 0.4 1
0.25 0.1 0.4 1
0.3 0.1 0.4 1
0.35 0.1 0.4 1
0.4 0.1 0.4 1
0.45 0.1 0.4 1
0.5 0.1 0.4 1
0.0 0.15 0.4 1
0.05 0.15 0.4 1
0.1 0.15 0.4 1
0.15 0.15 0.4 1
0.2 0.15 0.4 1
0.25 0.15 0.4 1
0.3 0.15 0.4 1
0.35 0.15 0.4 1
0.4 0.15 0.4 1
0.45 0.15 0.4 1
0.5 0.15 0.4 1
0.0 0.2 0.4 1
0.05 0.2 0.4 1
0.1 0.2 0.4 1
0.15 0.2 0.4 1
0.2 0.2 0.4 1
0.25 0.2 0.4 1
0.3 0.2 0.4 1
0.35 0.2 0.4 1
0.4 0.2 0.4 1
0.45 0.2 0.4 1
0.5 0.2 0.4 1
0.0 0.25 0.4 1
0.05 0.25 0.4 1
0.1 0.25 0.4 1
0.15 0.25 0.4 1
0.2 0.25 0.4 1
0.25 0.25 0.4 1
0.3 0.25 0.4 1
0.35 0.25 0.4 1
0.4 0.25 0.4 1
0.45 0.25 0.4 1
0.5 0.25 0.4 1
0.0 0.3 0.4 1
0.05 0.3 0.4 1
0.1 0.3 0.4 1
0.15 0.3 0.4 1
0.2 0.3 0.4 1
0.25 0.3 0.4 1
0.3 0.3 0.4 1
0.35 0.3 0.4 1
0.4 0.3 0.4 1
0.45 0.3 0.4 1
0.5 0.3 0.4 1
0.0 0.35 0.4 1
0.05 0.35 0.4 1
0.1 0.35 0.4 1
0.15 0.35 0.4 1
0.2 0.35 0.4 1
0.25 0.35 0.4 1
0.3 0.35 0.4 1
0.35 0.35 0.4 1
0.4 0.35 0.4 1
0.45 0.35 0.4 1
0.5 0.35 0.4 1
0.0 0.4 0.4 1
0.05 0.4 0.4 1
0.1 0.4 0.4 1
0.15 0.4 0.4 1
0.2 0.4 0.4 1
0.25 0.4 0.4 1
0.3 0.4 0.4 1
0.35 0.4 0.4 1
0.4 0.4 0.4 1
0.45 0.4 0.4 1
0.5 0.4 0.4 1
0.0 0.45 0.4 1
0.05 0.45 0.4 1
0.1 0.45 0.4 1
0.15 0.45 0.4 1
0.2 0.45 0.4 1
0.25 0.45 0.4 1
0.3 0.45 0.4 1
0.35 0.45 0.4 1
0.4 0.45 0.4 1
0.45 0.45 0.4 1
0.5 0.45 0.4 1
0.0 0.5 0.4 1
0.05 0.5 0.4 1
0.1 0.5 0.4 1
0.15 0.5 0.4 1
0.2 0.5 0.4 1
0.25 0.5 0.4 1
0.3 0.5 0.4 1
0.35 0.5 0.4 1
0.4 0.5 0.4 1
0.45 0.5 0.4 1
0.5 0.5 0.4 1
0.0 0.0 0.45 1
0.05 0.0 0.45 1
0.1 0.0 0.45 1
0.15 0.0 0.45 1
0.2 0.0 0.45 1
0.25 0.0 0.45 1
0.3 0.0 0.45 1
0.35 0.0 0.45 1
0.4 0.0 0.45 1
0.45 0.0 0.45 1
0.5 0.0 0.45 1
0.0 0.05 0.45 1
0.05 0.05 0.45 1
0.1 0.05 0.45 1
0.15 0.05 0.45 1
0.2 0.05 0.45 1
0.25 0.05 0.45 1
0.3 0.05 0.45 1
0.35 0.05 0.45 1
0.4 0.05 0.45 1
0.45 0.05 0.45 1
0.5 0.05 0.45 1
0.0 0.1 0.45 1
0.05 0.1 0.45 1
0.1 0.1 0.45 1
0.15 0.1 0.45 1
0.2 0.1 0.45 1
0.25 0.1 0.45 1
0.3 0.1 0.45 1
0.35 0.1 0.45 1
0.4 0.1 0.45 1
0.45 0.1 0.45 1
0.5 0.1 0.45 1
0.0 0.15 0.45 1
0.05 0.15 0.45 1
0.1 0.15 0.45 1
0.15 0.15 0.45 1
0.2 0.15 0.45 1
0.25 0.15 0.45 1
0.3 0.15 0.45 1
0.35 0.15 0.45 1
0.4 0.15 0.45 1
0.45 0.15 0.45 1
0.5 0.15 0.45 1
0.0 0.2 0.45 1
0.05 0.2 0.45 1
0.1 0.2 0.45 1
0.15 0.2 0.45 1
0.2 0.2 0.45 1
0.25 0.2 0.45 1
0.3 0.2 0.45 1
0.35 0.2 0.45 1
0.4 0.2 0.45 1
0.45 0.2 0.45 1
0.5 0.2 0.45 1
0.0 0.25 0.45 1
0.05 0.25 0.45 1
0.1 0.25 0.45 1
0.15 0.25 0.45 1
0.2 0.25 0.45 1
0.25 0.25 0.45 1
0.3 0.25 0.45 1
0.35 0.25 0.45 1
0.4 0.25 0.45 1
0.45 0.25 0.45 1
0.5 0.25 0.45 1
0.0 0.3 0.45 1
0.05 0.3 0.45 1
0.1 0.3 0.45 1
0.15 0.3 0.45 1
0.2 0.3 0.45 1
0.25 0.3 0.45 1
0.3 0.3 0.45 1
0.35 0.3 0.45 1
0.4 0.3 0.45 1
0.45 0.3 0.45 1
0.5 0.3 0.45 1
0.0 0.35 0.45 1
0.05 0.35 0.45 1
0.1 0.35 0.45 1
0.15 0.35 0.45 1
0.2 0.35 0.45 1
0.25 0.35 0.45 1
0.3 0.35 0.45 1
0.35 0.35 0.45 1
0.4 0.35 0.45 1
0.45 0.35 0.45 1
0.5 0.35 0.45 1
0.0 0.4 0.45 1
0.05 0.4 0.45 1
0.1 0.4 0.45 1
0.15 0.4 0.45 1
0.2 0.4 0.45 1
0.25 0.4 0.45 1
0.3 0.4 0.45 1
0.35 0.4 0.45 1
0.4 0.4 0.45 1
0.45 0.4 0.45 1
0.5 0.4 0.45 1
0.0 0.45 0.45 1
0.05 0.45 0.45 1
0.1 0.45 0.45 1
0.15 0.45 0.45 1
0.2 0.45 0.45 1
0.25 0.45 0.45 1
0.3 0.45 0.45 1
0.35 0.45 0.45 1
0.4 0.45 0.45 1
0.45 0.45 0.45 1
0.5 0.45 0.45 1
0.0 0.5 0.45 1
0.05 0.5 0.45 1
0.1 0.5 0.45 1
0.15 0.5 0.45 1
0.2 0.5 0.45 1
0.25 0.5 0.45 1
0.3 0.5 0.45 1
0.35 0.5 0.45 1
0.4 0.5 0.45 1
0.45 0.5 0.45 1
0.5 0.5 0.45 1
0.0 0.0 0.5 1
0.05 0.0 0.5 1
0.1 0.0 0.5 1
0.15 0.0 0.5 1
0.2 0.0 0.5 1
0.25 0.0 0.5 1
0.3 0.0 0.5 1
0.35 0.0 0.5 1
0.4 0.0 0.5 1
0.45 0.0 0.5 1
0.5 0.0 0.5 1
0.0 0.05 0.5 1
0.05 0.05 0.5 1
0.1 0.05 0.5 1
0.15 0.05 0.5 1
0.2 0.05 0.5 1
0.25 0.05 0.5 1
0.3 0.05 0.5 1
0.35 0.05 0.5 1
0.4 0.05 0.5 1
0.45 0.05 0.5 1
0.5 0.05 0.5 1
0.0 0.1 0.5 1
0.05 0.1 0.5 1
0.1 0.1 0.5 1
0.15 0.1 0.5 1
0.2 0.1 0.5 1
0.25 0.1 0.5 1
0.3 0.1 0.5 1
0.35 0.1 0.5 1
0.4 0.1 0.5 1
0.45 0.1 0.5 1
0.5 0.1 0.5 1
0.0 0.15 0.5 1
0.05 0.15 0.5 1
0.1 0.15 0.5 1
0.15 0.15 0.5 1
0.2 0.15 0.5 1
0.25 0.15 0.5 1
0.3 0.15 0.5 1
0.35 0.15 0.5 1
0.4 0.15 0.5 1
0.45 0.15 0.5 1
0.5 0.15 0.5 1
0.0 0.2 0.5 1
0.05 0.2 0.5 1
0.1 0.2 0.5 1
0.15 0.2 0.5 1
0.2 0.2 0.5 1
0.25 0.2 0.5 1
0.3 0.2 0.5 1
0.35 0.2 0.5 1
0.4 0.2 0.5 1
0.45 0.2 0.5 1
0.5 0.2 0.5 1
0.0 0.25 0.5 1
0.05 0.25 0.5 1
0.1 0.25 0.5 1
0.15 0.25 0.5 1
0.2 0.25 0.5 1
0.25 0.25 0.5 1
0.3 0.25 0.5 1
0.35 0.25 0.5 1
0.4 0.25 0.5 1
0.45 0.25 0.5 1
0.5 0.25 0.5 1
0.0 0.3 0.5 1
0.05 0.3 0.5 1
0.1 0.3 0.5 1
0.15 0.3 0.5 1
0.2 0.3 0.5 1
0.25 0.3 0.5 1
0.3 0.3 0.5 1
0.35 0.3 0.5 1
0.4 0.3 0.5 1
0.45 0.3 0.5 1
0.5 0.3 0.5 1
0.0 0.35 0.5 1
0.05 0.35 0.5 1
0.1 0.35 0.5 1
0.15 0.35 0.5 1
0.2 0.35 0.5 1
0.25 0.35 0.5 1
0.3 0.35 0.5 1
0.35 0.35 0.5 1
0.4 0.35 0.5 1
0.45 0.35 0.5 1
0.5 0.35 0.5 1
0.0 0.4 0.5 1
0.05 0.4 0.5 1
0.1 0.4 0.5 1
0.15 0.4 0.5 1
0.2 0.4 0.5 1
0.25 0.4 0.5 1
0.3 0.4 0.5 1
0.35 0.4 0.5 1
0.4 0.4 0.5 1
0.45 0.4 0.5 1
0.5 0.4 0.5 1
0.0 0.45 0.5 1
0.05 0.45 0.5 1
0.1 0.45 0.5 1
0.15 0.45 0.5 1
0.2 0.45 0.5 1
0.25 0.45 0.5 1
0.3 0.45 0.5 1
0.35 0.45 0.5 1
0.4 0.45 0.5 1
0.45 0.45 0.5 1
0.5 0.45 0.5 1
0.0 0.5 0.5 1
0.05 0.5 0.5 1
0.1 0.5 0.5 1
0.15 0.5 0.5 1
0.2 0.5 0.5 1
0.25 0.5 0.5 1
0.3 0.5 0.5 1
0.35 0.5 0.5 1
0.4 0.5 0.5 1
0.45 0.5 0.5 1
0.5 0.5 0.5 1
Print
;wavefunction
;overlap population
end_Print
