SnSe Nanowire, 10 nm dia., 0% Ag doped
; Lattice of SnSe (Primitive Orthorhombic)
Geometry
945
;wire cross section in XY plane (i.e., a-b lattice vectors)
;wire propagates along the Z direction (i.e., c vector)
; Unit cell 0
1 Sn 1.3619442 1.03774 0.457367
2 Se 1.66401099 3.11322 2.30064883
3 Sn 4.3851408 3.11322 2.678242
4 Se 7.41109599 3.11322 4.36197617
5 Sn 10.1322258 3.11322 3.984383
6 Se 9.83015901 1.03774 2.14110117
7 Sn 7.1090292 1.03774 1.763508
8 Se 4.08307401 1.03774 0.07977383
; Unit cell 1
9 Sn 12.8561142 1.03774 0.457367
10 Se 13.15818099 3.11322 2.30064883
11 Sn 15.8793108 3.11322 2.678242
12 Se 18.90526599 3.11322 4.36197617
13 Sn 21.6263958 3.11322 3.984383
14 Se 21.32432901 1.03774 2.14110117
15 Sn 18.6031992 1.03774 1.763508
16 Se 15.577244010000001 1.03774 0.07977383
; Unit cell 2
17 Sn 24.3502842 1.03774 0.457367
18 Se 24.652350990000002 3.11322 2.30064883
19 Sn 27.373480800000003 3.11322 2.678242
20 Se 30.39943599 3.11322 4.36197617
21 Sn 33.1205658 3.11322 3.984383
22 Se 32.81849901 1.03774 2.14110117
23 Sn 30.097369200000003 1.03774 1.763508
24 Se 27.07141401 1.03774 0.07977383
; Unit cell 3
25 Sn 35.8444542 1.03774 0.457367
26 Se 36.146520990000006 3.11322 2.30064883
27 Sn 38.86765080000001 3.11322 2.678242
28 Se 41.893605990000005 3.11322 4.36197617
29 Sn 44.614735800000005 3.11322 3.984383
30 Se 44.31266901000001 1.03774 2.14110117
31 Sn 41.59153920000001 1.03774 1.763508
32 Se 38.56558401 1.03774 0.07977383
; Unit cell 4
33 Sn 47.3386242 1.03774 0.457367
34 Se 47.64069099 3.11322 2.30064883
35 Sn 50.361820800000004 3.11322 2.678242
36 Se 53.38777599 3.11322 4.36197617
37 Sn 56.1089058 3.11322 3.984383
38 Se 55.806839010000004 1.03774 2.14110117
39 Sn 53.085709200000004 1.03774 1.763508
40 Se 50.05975401 1.03774 0.07977383
; Unit cell 5
41 Sn 58.832794199999995 1.03774 0.457367
42 Se 59.13486099 3.11322 2.30064883
43 Sn 61.8559908 3.11322 2.678242
44 Se 64.88194598999999 3.11322 4.36197617
45 Sn 67.6030758 3.11322 3.984383
46 Se 67.30100901 1.03774 2.14110117
47 Sn 64.5798792 1.03774 1.763508
48 Se 61.553924009999996 1.03774 0.07977383
; Unit cell 6
49 Sn 70.3269642 1.03774 0.457367
50 Se 70.62903099 3.11322 2.30064883
51 Sn 73.35016080000001 3.11322 2.678242
52 Se 76.37611599000002 3.11322 4.36197617
53 Sn 79.09724580000001 3.11322 3.984383
54 Se 78.79517901000001 1.03774 2.14110117
55 Sn 76.0740492 1.03774 1.763508
56 Se 73.04809401000001 1.03774 0.07977383
; Unit cell 7
57 Sn 81.8211342 1.03774 0.457367
58 Se 82.12320099 3.11322 2.30064883
59 Sn 84.84433080000001 3.11322 2.678242
60 Se 87.87028599000001 3.11322 4.36197617
61 Sn 90.59141580000001 3.11322 3.984383
62 Se 90.28934901000001 1.03774 2.14110117
63 Sn 87.5682192 1.03774 1.763508
64 Se 84.54226401000001 1.03774 0.07977383
; Unit cell 8
65 Sn 93.3153042 1.03774 0.457367
66 Se 93.61737099 3.11322 2.30064883
67 Sn 96.3385008 3.11322 2.678242
68 Se 99.36445599000001 3.11322 4.36197617
69 Sn 102.0855858 3.11322 3.984383
70 Se 101.78351901 1.03774 2.14110117
71 Sn 99.0623892 1.03774 1.763508
72 Se 96.03643401000001 1.03774 0.07977383
; Unit cell 9
73 Sn 1.3619442 5.188700000000001 0.457367
74 Se 1.66401099 7.2641800000000005 2.30064883
75 Sn 4.3851408 7.2641800000000005 2.678242
76 Se 7.41109599 7.2641800000000005 4.36197617
77 Sn 10.1322258 7.2641800000000005 3.984383
78 Se 9.83015901 5.188700000000001 2.14110117
79 Sn 7.1090292 5.188700000000001 1.763508
80 Se 4.08307401 5.188700000000001 0.07977383
; Unit cell 10
81 Sn 13.3561142 5.188700000000001 0.457367
82 Se 13.65818099 7.2641800000000005 2.30064883
83 Sn 16.3793108 7.2641800000000005 2.678242
84 Se 19.40526599 7.2641800000000005 4.36197617
85 Sn 22.1263958 7.2641800000000005 3.984383
86 Se 21.82432901 5.188700000000001 2.14110117
87 Sn 19.1031992 5.188700000000001 1.763508
88 Se 16.07724401 5.188700000000001 0.07977383
; Unit cell 11
89 Sn 25.3502842 5.188700000000001 0.457367
90 Se 25.652350990000002 7.2641800000000005 2.30064883
91 Sn 28.373480800000003 7.2641800000000005 2.678242
92 Se 31.39943599 7.2641800000000005 4.36197617
93 Sn 34.1205658 7.2641800000000005 3.984383
94 Se 33.81849901 5.188700000000001 2.14110117
95 Sn 31.097369200000003 5.188700000000001 1.763508
96 Se 28.07141401 5.188700000000001 0.07977383
; Unit cell 12
97 Sn 37.3444542 5.188700000000001 0.457367
98 Se 37.646520990000006 7.2641800000000005 2.30064883
99 Sn 40.36765080000001 7.2641800000000005 2.678242
100 Se 43.393605990000005 7.2641800000000005 4.36197617
101 Sn 46.114735800000005 7.2641800000000005 3.984383
102 Se 45.81266901000001 5.188700000000001 2.14110117
103 Sn 43.09153920000001 5.188700000000001 1.763508
104 Se 40.06558401 5.188700000000001 0.07977383
; Unit cell 13
105 Sn 49.3386242 5.188700000000001 0.457367
106 Se 49.64069099 7.2641800000000005 2.30064883
107 Sn 52.361820800000004 7.2641800000000005 2.678242
108 Se 55.38777599 7.2641800000000005 4.36197617
109 Sn 58.1089058 7.2641800000000005 3.984383
110 Se 57.806839010000004 5.188700000000001 2.14110117
111 Sn 55.085709200000004 5.188700000000001 1.763508
112 Se 52.05975401 5.188700000000001 0.07977383
; Unit cell 14
113 Sn 61.332794199999995 5.188700000000001 0.457367
114 Se 61.63486099 7.2641800000000005 2.30064883
115 Sn 64.3559908 7.2641800000000005 2.678242
116 Se 67.38194598999999 7.2641800000000005 4.36197617
117 Sn 70.1030758 7.2641800000000005 3.984383
118 Se 69.80100901 5.188700000000001 2.14110117
119 Sn 67.0798792 5.188700000000001 1.763508
120 Se 64.05392401 5.188700000000001 0.07977383
; Unit cell 15
121 Sn 73.3269642 5.188700000000001 0.457367
122 Se 73.62903099 7.2641800000000005 2.30064883
123 Sn 76.35016080000001 7.2641800000000005 2.678242
124 Se 79.37611599000002 7.2641800000000005 4.36197617
125 Sn 82.09724580000001 7.2641800000000005 3.984383
126 Se 81.79517901000001 5.188700000000001 2.14110117
127 Sn 79.0740492 5.188700000000001 1.763508
128 Se 76.04809401000001 5.188700000000001 0.07977383
; Unit cell 16
129 Sn 85.3211342 5.188700000000001 0.457367
130 Se 85.62320099 7.2641800000000005 2.30064883
131 Sn 88.34433080000001 7.2641800000000005 2.678242
132 Se 91.37028599000001 7.2641800000000005 4.36197617
133 Sn 94.09141580000001 7.2641800000000005 3.984383
134 Se 93.78934901000001 5.188700000000001 2.14110117
135 Sn 91.0682192 5.188700000000001 1.763508
136 Se 88.04226401000001 5.188700000000001 0.07977383
; Unit cell 17
137 Sn 1.3619442 9.33966 0.457367
138 Se 1.66401099 11.415140000000001 2.30064883
139 Sn 4.3851408 11.415140000000001 2.678242
140 Se 7.41109599 11.415140000000001 4.36197617
141 Sn 10.1322258 11.415140000000001 3.984383
142 Se 9.83015901 9.33966 2.14110117
143 Sn 7.1090292 9.33966 1.763508
144 Se 4.08307401 9.33966 0.07977383
; Unit cell 18
145 Sn 13.3561142 9.33966 0.457367
146 Se 13.65818099 11.415140000000001 2.30064883
147 Sn 16.3793108 11.415140000000001 2.678242
148 Se 19.40526599 11.415140000000001 4.36197617
149 Sn 22.1263958 11.415140000000001 3.984383
150 Se 21.82432901 9.33966 2.14110117
151 Sn 19.1031992 9.33966 1.763508
152 Se 16.07724401 9.33966 0.07977383
; Unit cell 19
153 Sn 25.3502842 9.33966 0.457367
154 Se 25.652350990000002 11.415140000000001 2.30064883
155 Sn 28.373480800000003 11.415140000000001 2.678242
156 Se 31.39943599 11.415140000000001 4.36197617
157 Sn 34.1205658 11.415140000000001 3.984383
158 Se 33.81849901 9.33966 2.14110117
159 Sn 31.097369200000003 9.33966 1.763508
160 Se 28.07141401 9.33966 0.07977383
; Unit cell 20
161 Sn 37.3444542 9.33966 0.457367
162 Se 37.646520990000006 11.415140000000001 2.30064883
163 Sn 40.36765080000001 11.415140000000001 2.678242
164 Se 43.393605990000005 11.415140000000001 4.36197617
165 Sn 46.114735800000005 11.415140000000001 3.984383
166 Se 45.81266901000001 9.33966 2.14110117
167 Sn 43.09153920000001 9.33966 1.763508
168 Se 40.06558401 9.33966 0.07977383
; Unit cell 21
169 Sn 49.3386242 9.33966 0.457367
170 Se 49.64069099 11.415140000000001 2.30064883
171 Sn 52.361820800000004 11.415140000000001 2.678242
172 Se 55.38777599 11.415140000000001 4.36197617
173 Sn 58.1089058 11.415140000000001 3.984383
174 Se 57.806839010000004 9.33966 2.14110117
175 Sn 55.085709200000004 9.33966 1.763508
176 Se 52.05975401 9.33966 0.07977383
; Unit cell 22
177 Sn 61.332794199999995 9.33966 0.457367
178 Se 61.63486099 11.415140000000001 2.30064883
179 Sn 64.3559908 11.415140000000001 2.678242
180 Se 67.38194598999999 11.415140000000001 4.36197617
181 Sn 70.1030758 11.415140000000001 3.984383
182 Se 69.80100901 9.33966 2.14110117
183 Sn 67.0798792 9.33966 1.763508
184 Se 64.05392401 9.33966 0.07977383
; Unit cell 23
185 Sn 73.3269642 9.33966 0.457367
186 Se 73.62903099 11.415140000000001 2.30064883
187 Sn 76.35016080000001 11.415140000000001 2.678242
188 Se 79.37611599000002 11.415140000000001 4.36197617
189 Sn 82.09724580000001 11.415140000000001 3.984383
190 Se 81.79517901000001 9.33966 2.14110117
191 Sn 79.0740492 9.33966 1.763508
192 Se 76.04809401000001 9.33966 0.07977383
; Unit cell 24
193 Sn 85.3211342 9.33966 0.457367
194 Se 85.62320099 11.415140000000001 2.30064883
195 Sn 88.34433080000001 11.415140000000001 2.678242
196 Se 91.37028599000001 11.415140000000001 4.36197617
197 Sn 94.09141580000001 11.415140000000001 3.984383
198 Se 93.78934901000001 9.33966 2.14110117
199 Sn 91.0682192 9.33966 1.763508
200 Se 88.04226401000001 9.33966 0.07977383
; Unit cell 25
201 Sn 1.3619442 13.49062 0.457367
202 Se 1.66401099 15.5661 2.30064883
203 Sn 4.3851408 15.5661 2.678242
204 Se 7.41109599 15.5661 4.36197617
205 Sn 10.1322258 15.5661 3.984383
206 Se 9.83015901 13.49062 2.14110117
207 Sn 7.1090292 13.49062 1.763508
208 Se 4.08307401 13.49062 0.07977383
; Unit cell 26
209 Sn 13.8561142 13.49062 0.457367
210 Se 14.15818099 15.5661 2.30064883
211 Sn 16.8793108 15.5661 2.678242
212 Se 19.90526599 15.5661 4.36197617
213 Sn 22.6263958 15.5661 3.984383
214 Se 22.32432901 13.49062 2.14110117
215 Sn 19.6031992 13.49062 1.763508
216 Se 16.57724401 13.49062 0.07977383
; Unit cell 27
217 Sn 26.3502842 13.49062 0.457367
218 Se 26.652350990000002 15.5661 2.30064883
219 Sn 29.373480800000003 15.5661 2.678242
220 Se 32.39943599 15.5661 4.36197617
221 Sn 35.1205658 15.5661 3.984383
222 Se 34.81849901 13.49062 2.14110117
223 Sn 32.0973692 13.49062 1.763508
224 Se 29.07141401 13.49062 0.07977383
; Unit cell 28
225 Sn 38.8444542 13.49062 0.457367
226 Se 39.146520990000006 15.5661 2.30064883
227 Sn 41.86765080000001 15.5661 2.678242
228 Se 44.893605990000005 15.5661 4.36197617
229 Sn 47.614735800000005 15.5661 3.984383
230 Se 47.31266901000001 13.49062 2.14110117
231 Sn 44.59153920000001 13.49062 1.763508
232 Se 41.56558401 13.49062 0.07977383
; Unit cell 29
233 Sn 51.3386242 13.49062 0.457367
234 Se 51.64069099 15.5661 2.30064883
235 Sn 54.361820800000004 15.5661 2.678242
236 Se 57.38777599 15.5661 4.36197617
237 Sn 60.1089058 15.5661 3.984383
238 Se 59.806839010000004 13.49062 2.14110117
239 Sn 57.085709200000004 13.49062 1.763508
240 Se 54.05975401 13.49062 0.07977383
; Unit cell 30
241 Sn 63.832794199999995 13.49062 0.457367
242 Se 64.13486098999999 15.5661 2.30064883
243 Sn 66.8559908 15.5661 2.678242
244 Se 69.88194598999999 15.5661 4.36197617
245 Sn 72.6030758 15.5661 3.984383
246 Se 72.30100901 13.49062 2.14110117
247 Sn 69.5798792 13.49062 1.763508
248 Se 66.55392401 13.49062 0.07977383
; Unit cell 31
249 Sn 76.3269642 13.49062 0.457367
250 Se 76.62903099 15.5661 2.30064883
251 Sn 79.35016080000001 15.5661 2.678242
252 Se 82.37611599000002 15.5661 4.36197617
253 Sn 85.09724580000001 15.5661 3.984383
254 Se 84.79517901000001 13.49062 2.14110117
255 Sn 82.0740492 13.49062 1.763508
256 Se 79.04809401000001 13.49062 0.07977383
; Unit cell 32
257 Sn 1.3619442 17.64158 0.457367
258 Se 1.66401099 19.717060000000004 2.30064883
259 Sn 4.3851408 19.717060000000004 2.678242
260 Se 7.41109599 19.717060000000004 4.36197617
261 Sn 10.1322258 19.717060000000004 3.984383
262 Se 9.83015901 17.64158 2.14110117
263 Sn 7.1090292 17.64158 1.763508
264 Se 4.08307401 17.64158 0.07977383
; Unit cell 33
265 Sn 14.3561142 17.64158 0.457367
266 Se 14.65818099 19.717060000000004 2.30064883
267 Sn 17.3793108 19.717060000000004 2.678242
268 Se 20.40526599 19.717060000000004 4.36197617
269 Sn 23.1263958 19.717060000000004 3.984383
270 Se 22.82432901 17.64158 2.14110117
271 Sn 20.1031992 17.64158 1.763508
272 Se 17.07724401 17.64158 0.07977383
; Unit cell 34
273 Sn 27.3502842 17.64158 0.457367
274 Se 27.652350990000002 19.717060000000004 2.30064883
275 Sn 30.373480800000003 19.717060000000004 2.678242
276 Se 33.39943599 19.717060000000004 4.36197617
277 Sn 36.1205658 19.717060000000004 3.984383
278 Se 35.81849901 17.64158 2.14110117
279 Sn 33.0973692 17.64158 1.763508
280 Se 30.07141401 17.64158 0.07977383
; Unit cell 35
281 Sn 40.3444542 17.64158 0.457367
282 Se 40.646520990000006 19.717060000000004 2.30064883
283 Sn 43.36765080000001 19.717060000000004 2.678242
284 Se 46.393605990000005 19.717060000000004 4.36197617
285 Sn 49.114735800000005 19.717060000000004 3.984383
286 Se 48.81266901000001 17.64158 2.14110117
287 Sn 46.09153920000001 17.64158 1.763508
288 Se 43.06558401 17.64158 0.07977383
; Unit cell 36
289 Sn 53.3386242 17.64158 0.457367
290 Se 53.64069099 19.717060000000004 2.30064883
291 Sn 56.361820800000004 19.717060000000004 2.678242
292 Se 59.38777599 19.717060000000004 4.36197617
293 Sn 62.1089058 19.717060000000004 3.984383
294 Se 61.806839010000004 17.64158 2.14110117
295 Sn 59.085709200000004 17.64158 1.763508
296 Se 56.05975401 17.64158 0.07977383
; Unit cell 37
297 Sn 66.3327942 17.64158 0.457367
298 Se 66.63486098999999 19.717060000000004 2.30064883
299 Sn 69.3559908 19.717060000000004 2.678242
300 Se 72.38194598999999 19.717060000000004 4.36197617
301 Sn 75.1030758 19.717060000000004 3.984383
302 Se 74.80100901 17.64158 2.14110117
303 Sn 72.0798792 17.64158 1.763508
304 Se 69.05392401 17.64158 0.07977383
; Unit cell 38
305 Sn 1.3619442 21.792540000000002 0.457367
306 Se 1.66401099 23.86802 2.30064883
307 Sn 4.3851408 23.86802 2.678242
308 Se 7.41109599 23.86802 4.36197617
309 Sn 10.1322258 23.86802 3.984383
310 Se 9.83015901 21.792540000000002 2.14110117
311 Sn 7.1090292 21.792540000000002 1.763508
312 Se 4.08307401 21.792540000000002 0.07977383
; Unit cell 39
313 Sn 14.8561142 21.792540000000002 0.457367
314 Se 15.15818099 23.86802 2.30064883
315 Sn 17.8793108 23.86802 2.678242
316 Se 20.90526599 23.86802 4.36197617
317 Sn 23.6263958 23.86802 3.984383
318 Se 23.32432901 21.792540000000002 2.14110117
319 Sn 20.6031992 21.792540000000002 1.763508
320 Se 17.57724401 21.792540000000002 0.07977383
; Unit cell 40
321 Sn 28.3502842 21.792540000000002 0.457367
322 Se 28.652350990000002 23.86802 2.30064883
323 Sn 31.373480800000003 23.86802 2.678242
324 Se 34.39943599 23.86802 4.36197617
325 Sn 37.1205658 23.86802 3.984383
326 Se 36.81849901 21.792540000000002 2.14110117
327 Sn 34.0973692 21.792540000000002 1.763508
328 Se 31.07141401 21.792540000000002 0.07977383
; Unit cell 41
329 Sn 41.8444542 21.792540000000002 0.457367
330 Se 42.146520990000006 23.86802 2.30064883
331 Sn 44.86765080000001 23.86802 2.678242
332 Se 47.893605990000005 23.86802 4.36197617
333 Sn 50.614735800000005 23.86802 3.984383
334 Se 50.31266901000001 21.792540000000002 2.14110117
335 Sn 47.59153920000001 21.792540000000002 1.763508
336 Se 44.56558401 21.792540000000002 0.07977383
; Unit cell 42
337 Sn 55.3386242 21.792540000000002 0.457367
338 Se 55.64069099 23.86802 2.30064883
339 Sn 58.361820800000004 23.86802 2.678242
340 Se 61.38777599 23.86802 4.36197617
341 Sn 64.1089058 23.86802 3.984383
342 Se 63.806839010000004 21.792540000000002 2.14110117
343 Sn 61.085709200000004 21.792540000000002 1.763508
344 Se 58.05975401 21.792540000000002 0.07977383
; Unit cell 43
345 Sn 1.3619442 25.9435 0.457367
346 Se 1.66401099 28.01898 2.30064883
347 Sn 4.3851408 28.01898 2.678242
348 Se 7.41109599 28.01898 4.36197617
349 Sn 10.1322258 28.01898 3.984383
350 Se 9.83015901 25.9435 2.14110117
351 Sn 7.1090292 25.9435 1.763508
352 Se 4.08307401 25.9435 0.07977383
; Unit cell 44
353 Sn 15.3561142 25.9435 0.457367
354 Se 15.65818099 28.01898 2.30064883
355 Sn 18.3793108 28.01898 2.678242
356 Se 21.40526599 28.01898 4.36197617
357 Sn 24.1263958 28.01898 3.984383
358 Se 23.82432901 25.9435 2.14110117
359 Sn 21.1031992 25.9435 1.763508
360 Se 18.07724401 25.9435 0.07977383
; Unit cell 45
361 Sn 29.3502842 25.9435 0.457367
362 Se 29.652350990000002 28.01898 2.30064883
363 Sn 32.3734808 28.01898 2.678242
364 Se 35.39943599 28.01898 4.36197617
365 Sn 38.1205658 28.01898 3.984383
366 Se 37.81849901 25.9435 2.14110117
367 Sn 35.0973692 25.9435 1.763508
368 Se 32.07141401 25.9435 0.07977383
; Unit cell 46
369 Sn 43.3444542 25.9435 0.457367
370 Se 43.646520990000006 28.01898 2.30064883
371 Sn 46.36765080000001 28.01898 2.678242
372 Se 49.393605990000005 28.01898 4.36197617
373 Sn 52.114735800000005 28.01898 3.984383
374 Se 51.81266901000001 25.9435 2.14110117
375 Sn 49.09153920000001 25.9435 1.763508
376 Se 46.06558401 25.9435 0.07977383
; Unit cell 47
377 Sn 1.3619442 30.09446 0.457367
378 Se 1.66401099 32.169940000000004 2.30064883
379 Sn 4.3851408 32.169940000000004 2.678242
380 Se 7.41109599 32.169940000000004 4.36197617
381 Sn 10.1322258 32.169940000000004 3.984383
382 Se 9.83015901 30.09446 2.14110117
383 Sn 7.1090292 30.09446 1.763508
384 Se 4.08307401 30.09446 0.07977383
; Unit cell 48
385 Sn 15.3561142 30.09446 0.457367
386 Se 15.65818099 32.169940000000004 2.30064883
387 Sn 18.3793108 32.169940000000004 2.678242
388 Se 21.40526599 32.169940000000004 4.36197617
389 Sn 24.1263958 32.169940000000004 3.984383
390 Se 23.82432901 30.09446 2.14110117
391 Sn 21.1031992 30.09446 1.763508
392 Se 18.07724401 30.09446 0.07977383
; Unit cell 49
393 Sn 29.3502842 30.09446 0.457367
394 Se 29.652350990000002 32.169940000000004 2.30064883
395 Sn 32.3734808 32.169940000000004 2.678242
396 Se 35.39943599 32.169940000000004 4.36197617
397 Sn 38.1205658 32.169940000000004 3.984383
398 Se 37.81849901 30.09446 2.14110117
399 Sn 35.0973692 30.09446 1.763508
400 Se 32.07141401 30.09446 0.07977383
; Unit cell 50
401 Sn 43.3444542 30.09446 0.457367
402 Se 43.646520990000006 32.169940000000004 2.30064883
403 Sn 46.36765080000001 32.169940000000004 2.678242
404 Se 49.393605990000005 32.169940000000004 4.36197617
405 Sn 52.114735800000005 32.169940000000004 3.984383
406 Se 51.81266901000001 30.09446 2.14110117
407 Sn 49.09153920000001 30.09446 1.763508
408 Se 46.06558401 30.09446 0.07977383
; Unit cell 51
409 Sn 1.3619442 34.24542 0.457367
410 Se 1.66401099 36.3209 2.30064883
411 Sn 4.3851408 36.3209 2.678242
412 Se 7.41109599 36.3209 4.36197617
413 Sn 10.1322258 36.3209 3.984383
414 Se 9.83015901 34.24542 2.14110117
415 Sn 7.1090292 34.24542 1.763508
416 Se 4.08307401 34.24542 0.07977383
; Unit cell 52
417 Sn 15.8561142 34.24542 0.457367
418 Se 16.15818099 36.3209 2.30064883
419 Sn 18.8793108 36.3209 2.678242
420 Se 21.90526599 36.3209 4.36197617
421 Sn 24.6263958 36.3209 3.984383
422 Se 24.32432901 34.24542 2.14110117
423 Sn 21.6031992 34.24542 1.763508
424 Se 18.57724401 34.24542 0.07977383
; Unit cell 53
425 Sn 30.3502842 34.24542 0.457367
426 Se 30.652350990000002 36.3209 2.30064883
427 Sn 33.3734808 36.3209 2.678242
428 Se 36.39943599 36.3209 4.36197617
429 Sn 39.1205658 36.3209 3.984383
430 Se 38.81849901 34.24542 2.14110117
431 Sn 36.0973692 34.24542 1.763508
432 Se 33.07141401 34.24542 0.07977383
; Unit cell 54
433 Sn 1.3619442 38.39638 0.457367
434 Se 1.66401099 40.47186 2.30064883
435 Sn 4.3851408 40.47186 2.678242
436 Se 7.41109599 40.47186 4.36197617
437 Sn 10.1322258 40.47186 3.984383
438 Se 9.83015901 38.39638 2.14110117
439 Sn 7.1090292 38.39638 1.763508
440 Se 4.08307401 38.39638 0.07977383
; Unit cell 55
441 Sn 16.3561142 38.39638 0.457367
442 Se 16.65818099 40.47186 2.30064883
443 Sn 19.3793108 40.47186 2.678242
444 Se 22.40526599 40.47186 4.36197617
445 Sn 25.1263958 40.47186 3.984383
446 Se 24.82432901 38.39638 2.14110117
447 Sn 22.1031992 38.39638 1.763508
448 Se 19.07724401 38.39638 0.07977383
; Unit cell 56
449 Sn 1.3619442 42.547340000000005 0.457367
450 Se 1.66401099 44.622820000000004 2.30064883
451 Sn 4.3851408 44.622820000000004 2.678242
452 Se 7.41109599 44.622820000000004 4.36197617
453 Sn 10.1322258 44.622820000000004 3.984383
454 Se 9.83015901 42.547340000000005 2.14110117
455 Sn 7.1090292 42.547340000000005 1.763508
456 Se 4.08307401 42.547340000000005 0.07977383
; Unit cell 57
457 Sn 16.3561142 42.547340000000005 0.457367
458 Se 16.65818099 44.622820000000004 2.30064883
459 Sn 19.3793108 44.622820000000004 2.678242
460 Se 22.40526599 44.622820000000004 4.36197617
461 Sn 25.1263958 44.622820000000004 3.984383
462 Se 24.82432901 42.547340000000005 2.14110117
463 Sn 22.1031992 42.547340000000005 1.763508
464 Se 19.07724401 42.547340000000005 0.07977383
; Unit cell 58
465 Sn 1.3619442 46.6983 0.457367
466 Se 1.66401099 48.77378 2.30064883
467 Sn 4.3851408 48.77378 2.678242
468 Se 7.41109599 48.77378 4.36197617
469 Sn 10.1322258 48.77378 3.984383
470 Se 9.83015901 46.6983 2.14110117
471 Sn 7.1090292 46.6983 1.763508
472 Se 4.08307401 46.6983 0.07977383
; Unit cell 59
473 Sn 1.3619442 -3.11322 0.457367
474 Se 1.66401099 -1.0377400000000003 2.30064883
475 Sn 4.3851408 -1.0377400000000003 2.678242
476 Se 7.41109599 -1.0377400000000003 4.36197617
477 Sn 10.1322258 -1.0377400000000003 3.984383
478 Se 9.83015901 -3.11322 2.14110117
479 Sn 7.1090292 -3.11322 1.763508
480 Se 4.08307401 -3.11322 0.07977383
; Unit cell 60
481 Sn 12.8561142 -3.11322 0.457367
482 Se 13.15818099 -1.0377400000000003 2.30064883
483 Sn 15.8793108 -1.0377400000000003 2.678242
484 Se 18.90526599 -1.0377400000000003 4.36197617
485 Sn 21.6263958 -1.0377400000000003 3.984383
486 Se 21.32432901 -3.11322 2.14110117
487 Sn 18.6031992 -3.11322 1.763508
488 Se 15.577244010000001 -3.11322 0.07977383
; Unit cell 61
489 Sn 24.3502842 -3.11322 0.457367
490 Se 24.652350990000002 -1.0377400000000003 2.30064883
491 Sn 27.373480800000003 -1.0377400000000003 2.678242
492 Se 30.39943599 -1.0377400000000003 4.36197617
493 Sn 33.1205658 -1.0377400000000003 3.984383
494 Se 32.81849901 -3.11322 2.14110117
495 Sn 30.097369200000003 -3.11322 1.763508
496 Se 27.07141401 -3.11322 0.07977383
; Unit cell 62
497 Sn 35.8444542 -3.11322 0.457367
498 Se 36.146520990000006 -1.0377400000000003 2.30064883
499 Sn 38.86765080000001 -1.0377400000000003 2.678242
500 Se 41.893605990000005 -1.0377400000000003 4.36197617
501 Sn 44.614735800000005 -1.0377400000000003 3.984383
502 Se 44.31266901000001 -3.11322 2.14110117
503 Sn 41.59153920000001 -3.11322 1.763508
504 Se 38.56558401 -3.11322 0.07977383
; Unit cell 63
505 Sn 47.3386242 -3.11322 0.457367
506 Se 47.64069099 -1.0377400000000003 2.30064883
507 Sn 50.361820800000004 -1.0377400000000003 2.678242
508 Se 53.38777599 -1.0377400000000003 4.36197617
509 Sn 56.1089058 -1.0377400000000003 3.984383
510 Se 55.806839010000004 -3.11322 2.14110117
511 Sn 53.085709200000004 -3.11322 1.763508
512 Se 50.05975401 -3.11322 0.07977383
; Unit cell 64
513 Sn 58.832794199999995 -3.11322 0.457367
514 Se 59.13486099 -1.0377400000000003 2.30064883
515 Sn 61.8559908 -1.0377400000000003 2.678242
516 Se 64.88194598999999 -1.0377400000000003 4.36197617
517 Sn 67.6030758 -1.0377400000000003 3.984383
518 Se 67.30100901 -3.11322 2.14110117
519 Sn 64.5798792 -3.11322 1.763508
520 Se 61.553924009999996 -3.11322 0.07977383
; Unit cell 65
521 Sn 70.3269642 -3.11322 0.457367
522 Se 70.62903099 -1.0377400000000003 2.30064883
523 Sn 73.35016080000001 -1.0377400000000003 2.678242
524 Se 76.37611599000002 -1.0377400000000003 4.36197617
525 Sn 79.09724580000001 -1.0377400000000003 3.984383
526 Se 78.79517901000001 -3.11322 2.14110117
527 Sn 76.0740492 -3.11322 1.763508
528 Se 73.04809401000001 -3.11322 0.07977383
; Unit cell 66
529 Sn 81.8211342 -3.11322 0.457367
530 Se 82.12320099 -1.0377400000000003 2.30064883
531 Sn 84.84433080000001 -1.0377400000000003 2.678242
532 Se 87.87028599000001 -1.0377400000000003 4.36197617
533 Sn 90.59141580000001 -1.0377400000000003 3.984383
534 Se 90.28934901000001 -3.11322 2.14110117
535 Sn 87.5682192 -3.11322 1.763508
536 Se 84.54226401000001 -3.11322 0.07977383
; Unit cell 67
537 Sn 93.3153042 -3.11322 0.457367
538 Se 93.61737099 -1.0377400000000003 2.30064883
539 Sn 96.3385008 -1.0377400000000003 2.678242
540 Se 99.36445599000001 -1.0377400000000003 4.36197617
541 Sn 102.0855858 -1.0377400000000003 3.984383
542 Se 101.78351901 -3.11322 2.14110117
543 Sn 99.0623892 -3.11322 1.763508
544 Se 96.03643401000001 -3.11322 0.07977383
; Unit cell 68
545 Sn 1.3619442 -7.2641800000000005 0.457367
546 Se 1.66401099 -5.188700000000001 2.30064883
547 Sn 4.3851408 -5.188700000000001 2.678242
548 Se 7.41109599 -5.188700000000001 4.36197617
549 Sn 10.1322258 -5.188700000000001 3.984383
550 Se 9.83015901 -7.2641800000000005 2.14110117
551 Sn 7.1090292 -7.2641800000000005 1.763508
552 Se 4.08307401 -7.2641800000000005 0.07977383
; Unit cell 69
553 Sn 13.3561142 -7.2641800000000005 0.457367
554 Se 13.65818099 -5.188700000000001 2.30064883
555 Sn 16.3793108 -5.188700000000001 2.678242
556 Se 19.40526599 -5.188700000000001 4.36197617
557 Sn 22.1263958 -5.188700000000001 3.984383
558 Se 21.82432901 -7.2641800000000005 2.14110117
559 Sn 19.1031992 -7.2641800000000005 1.763508
560 Se 16.07724401 -7.2641800000000005 0.07977383
; Unit cell 70
561 Sn 25.3502842 -7.2641800000000005 0.457367
562 Se 25.652350990000002 -5.188700000000001 2.30064883
563 Sn 28.373480800000003 -5.188700000000001 2.678242
564 Se 31.39943599 -5.188700000000001 4.36197617
565 Sn 34.1205658 -5.188700000000001 3.984383
566 Se 33.81849901 -7.2641800000000005 2.14110117
567 Sn 31.097369200000003 -7.2641800000000005 1.763508
568 Se 28.07141401 -7.2641800000000005 0.07977383
; Unit cell 71
569 Sn 37.3444542 -7.2641800000000005 0.457367
570 Se 37.646520990000006 -5.188700000000001 2.30064883
571 Sn 40.36765080000001 -5.188700000000001 2.678242
572 Se 43.393605990000005 -5.188700000000001 4.36197617
573 Sn 46.114735800000005 -5.188700000000001 3.984383
574 Se 45.81266901000001 -7.2641800000000005 2.14110117
575 Sn 43.09153920000001 -7.2641800000000005 1.763508
576 Se 40.06558401 -7.2641800000000005 0.07977383
; Unit cell 72
577 Sn 49.3386242 -7.2641800000000005 0.457367
578 Se 49.64069099 -5.188700000000001 2.30064883
579 Sn 52.361820800000004 -5.188700000000001 2.678242
580 Se 55.38777599 -5.188700000000001 4.36197617
581 Sn 58.1089058 -5.188700000000001 3.984383
582 Se 57.806839010000004 -7.2641800000000005 2.14110117
583 Sn 55.085709200000004 -7.2641800000000005 1.763508
584 Se 52.05975401 -7.2641800000000005 0.07977383
; Unit cell 73
585 Sn 61.332794199999995 -7.2641800000000005 0.457367
586 Se 61.63486099 -5.188700000000001 2.30064883
587 Sn 64.3559908 -5.188700000000001 2.678242
588 Se 67.38194598999999 -5.188700000000001 4.36197617
589 Sn 70.1030758 -5.188700000000001 3.984383
590 Se 69.80100901 -7.2641800000000005 2.14110117
591 Sn 67.0798792 -7.2641800000000005 1.763508
592 Se 64.05392401 -7.2641800000000005 0.07977383
; Unit cell 74
593 Sn 73.3269642 -7.2641800000000005 0.457367
594 Se 73.62903099 -5.188700000000001 2.30064883
595 Sn 76.35016080000001 -5.188700000000001 2.678242
596 Se 79.37611599000002 -5.188700000000001 4.36197617
597 Sn 82.09724580000001 -5.188700000000001 3.984383
598 Se 81.79517901000001 -7.2641800000000005 2.14110117
599 Sn 79.0740492 -7.2641800000000005 1.763508
600 Se 76.04809401000001 -7.2641800000000005 0.07977383
; Unit cell 75
601 Sn 85.3211342 -7.2641800000000005 0.457367
602 Se 85.62320099 -5.188700000000001 2.30064883
603 Sn 88.34433080000001 -5.188700000000001 2.678242
604 Se 91.37028599000001 -5.188700000000001 4.36197617
605 Sn 94.09141580000001 -5.188700000000001 3.984383
606 Se 93.78934901000001 -7.2641800000000005 2.14110117
607 Sn 91.0682192 -7.2641800000000005 1.763508
608 Se 88.04226401000001 -7.2641800000000005 0.07977383
; Unit cell 76
609 Sn 1.3619442 -11.415140000000001 0.457367
610 Se 1.66401099 -9.33966 2.30064883
611 Sn 4.3851408 -9.33966 2.678242
612 Se 7.41109599 -9.33966 4.36197617
613 Sn 10.1322258 -9.33966 3.984383
614 Se 9.83015901 -11.415140000000001 2.14110117
615 Sn 7.1090292 -11.415140000000001 1.763508
616 Se 4.08307401 -11.415140000000001 0.07977383
; Unit cell 77
617 Sn 13.3561142 -11.415140000000001 0.457367
618 Se 13.65818099 -9.33966 2.30064883
619 Sn 16.3793108 -9.33966 2.678242
620 Se 19.40526599 -9.33966 4.36197617
621 Sn 22.1263958 -9.33966 3.984383
622 Se 21.82432901 -11.415140000000001 2.14110117
623 Sn 19.1031992 -11.415140000000001 1.763508
624 Se 16.07724401 -11.415140000000001 0.07977383
; Unit cell 78
625 Sn 25.3502842 -11.415140000000001 0.457367
626 Se 25.652350990000002 -9.33966 2.30064883
627 Sn 28.373480800000003 -9.33966 2.678242
628 Se 31.39943599 -9.33966 4.36197617
629 Sn 34.1205658 -9.33966 3.984383
630 Se 33.81849901 -11.415140000000001 2.14110117
631 Sn 31.097369200000003 -11.415140000000001 1.763508
632 Se 28.07141401 -11.415140000000001 0.07977383
; Unit cell 79
633 Sn 37.3444542 -11.415140000000001 0.457367
634 Se 37.646520990000006 -9.33966 2.30064883
635 Sn 40.36765080000001 -9.33966 2.678242
636 Se 43.393605990000005 -9.33966 4.36197617
637 Sn 46.114735800000005 -9.33966 3.984383
638 Se 45.81266901000001 -11.415140000000001 2.14110117
639 Sn 43.09153920000001 -11.415140000000001 1.763508
640 Se 40.06558401 -11.415140000000001 0.07977383
; Unit cell 80
641 Sn 49.3386242 -11.415140000000001 0.457367
642 Se 49.64069099 -9.33966 2.30064883
643 Sn 52.361820800000004 -9.33966 2.678242
644 Se 55.38777599 -9.33966 4.36197617
645 Sn 58.1089058 -9.33966 3.984383
646 Se 57.806839010000004 -11.415140000000001 2.14110117
647 Sn 55.085709200000004 -11.415140000000001 1.763508
648 Se 52.05975401 -11.415140000000001 0.07977383
; Unit cell 81
649 Sn 61.332794199999995 -11.415140000000001 0.457367
650 Se 61.63486099 -9.33966 2.30064883
651 Sn 64.3559908 -9.33966 2.678242
652 Se 67.38194598999999 -9.33966 4.36197617
653 Sn 70.1030758 -9.33966 3.984383
654 Se 69.80100901 -11.415140000000001 2.14110117
655 Sn 67.0798792 -11.415140000000001 1.763508
656 Se 64.05392401 -11.415140000000001 0.07977383
; Unit cell 82
657 Sn 73.3269642 -11.415140000000001 0.457367
658 Se 73.62903099 -9.33966 2.30064883
659 Sn 76.35016080000001 -9.33966 2.678242
660 Se 79.37611599000002 -9.33966 4.36197617
661 Sn 82.09724580000001 -9.33966 3.984383
662 Se 81.79517901000001 -11.415140000000001 2.14110117
663 Sn 79.0740492 -11.415140000000001 1.763508
664 Se 76.04809401000001 -11.415140000000001 0.07977383
; Unit cell 83
665 Sn 85.3211342 -11.415140000000001 0.457367
666 Se 85.62320099 -9.33966 2.30064883
667 Sn 88.34433080000001 -9.33966 2.678242
668 Se 91.37028599000001 -9.33966 4.36197617
669 Sn 94.09141580000001 -9.33966 3.984383
670 Se 93.78934901000001 -11.415140000000001 2.14110117
671 Sn 91.0682192 -11.415140000000001 1.763508
672 Se 88.04226401000001 -11.415140000000001 0.07977383
; Unit cell 84
673 Sn 1.3619442 -15.566100000000002 0.457367
674 Se 1.66401099 -13.490620000000002 2.30064883
675 Sn 4.3851408 -13.490620000000002 2.678242
676 Se 7.41109599 -13.490620000000002 4.36197617
677 Sn 10.1322258 -13.490620000000002 3.984383
678 Se 9.83015901 -15.566100000000002 2.14110117
679 Sn 7.1090292 -15.566100000000002 1.763508
680 Se 4.08307401 -15.566100000000002 0.07977383
; Unit cell 85
681 Sn 13.8561142 -15.566100000000002 0.457367
682 Se 14.15818099 -13.490620000000002 2.30064883
683 Sn 16.8793108 -13.490620000000002 2.678242
684 Se 19.90526599 -13.490620000000002 4.36197617
685 Sn 22.6263958 -13.490620000000002 3.984383
686 Se 22.32432901 -15.566100000000002 2.14110117
687 Sn 19.6031992 -15.566100000000002 1.763508
688 Se 16.57724401 -15.566100000000002 0.07977383
; Unit cell 86
689 Sn 26.3502842 -15.566100000000002 0.457367
690 Se 26.652350990000002 -13.490620000000002 2.30064883
691 Sn 29.373480800000003 -13.490620000000002 2.678242
692 Se 32.39943599 -13.490620000000002 4.36197617
693 Sn 35.1205658 -13.490620000000002 3.984383
694 Se 34.81849901 -15.566100000000002 2.14110117
695 Sn 32.0973692 -15.566100000000002 1.763508
696 Se 29.07141401 -15.566100000000002 0.07977383
; Unit cell 87
697 Sn 38.8444542 -15.566100000000002 0.457367
698 Se 39.146520990000006 -13.490620000000002 2.30064883
699 Sn 41.86765080000001 -13.490620000000002 2.678242
700 Se 44.893605990000005 -13.490620000000002 4.36197617
701 Sn 47.614735800000005 -13.490620000000002 3.984383
702 Se 47.31266901000001 -15.566100000000002 2.14110117
703 Sn 44.59153920000001 -15.566100000000002 1.763508
704 Se 41.56558401 -15.566100000000002 0.07977383
; Unit cell 88
705 Sn 51.3386242 -15.566100000000002 0.457367
706 Se 51.64069099 -13.490620000000002 2.30064883
707 Sn 54.361820800000004 -13.490620000000002 2.678242
708 Se 57.38777599 -13.490620000000002 4.36197617
709 Sn 60.1089058 -13.490620000000002 3.984383
710 Se 59.806839010000004 -15.566100000000002 2.14110117
711 Sn 57.085709200000004 -15.566100000000002 1.763508
712 Se 54.05975401 -15.566100000000002 0.07977383
; Unit cell 89
713 Sn 63.832794199999995 -15.566100000000002 0.457367
714 Se 64.13486098999999 -13.490620000000002 2.30064883
715 Sn 66.8559908 -13.490620000000002 2.678242
716 Se 69.88194598999999 -13.490620000000002 4.36197617
717 Sn 72.6030758 -13.490620000000002 3.984383
718 Se 72.30100901 -15.566100000000002 2.14110117
719 Sn 69.5798792 -15.566100000000002 1.763508
720 Se 66.55392401 -15.566100000000002 0.07977383
; Unit cell 90
721 Sn 76.3269642 -15.566100000000002 0.457367
722 Se 76.62903099 -13.490620000000002 2.30064883
723 Sn 79.35016080000001 -13.490620000000002 2.678242
724 Se 82.37611599000002 -13.490620000000002 4.36197617
725 Sn 85.09724580000001 -13.490620000000002 3.984383
726 Se 84.79517901000001 -15.566100000000002 2.14110117
727 Sn 82.0740492 -15.566100000000002 1.763508
728 Se 79.04809401000001 -15.566100000000002 0.07977383
; Unit cell 91
729 Sn 1.3619442 -19.717060000000004 0.457367
730 Se 1.66401099 -17.641580000000005 2.30064883
731 Sn 4.3851408 -17.641580000000005 2.678242
732 Se 7.41109599 -17.641580000000005 4.36197617
733 Sn 10.1322258 -17.641580000000005 3.984383
734 Se 9.83015901 -19.717060000000004 2.14110117
735 Sn 7.1090292 -19.717060000000004 1.763508
736 Se 4.08307401 -19.717060000000004 0.07977383
; Unit cell 92
737 Sn 14.3561142 -19.717060000000004 0.457367
738 Se 14.65818099 -17.641580000000005 2.30064883
739 Sn 17.3793108 -17.641580000000005 2.678242
740 Se 20.40526599 -17.641580000000005 4.36197617
741 Sn 23.1263958 -17.641580000000005 3.984383
742 Se 22.82432901 -19.717060000000004 2.14110117
743 Sn 20.1031992 -19.717060000000004 1.763508
744 Se 17.07724401 -19.717060000000004 0.07977383
; Unit cell 93
745 Sn 27.3502842 -19.717060000000004 0.457367
746 Se 27.652350990000002 -17.641580000000005 2.30064883
747 Sn 30.373480800000003 -17.641580000000005 2.678242
748 Se 33.39943599 -17.641580000000005 4.36197617
749 Sn 36.1205658 -17.641580000000005 3.984383
750 Se 35.81849901 -19.717060000000004 2.14110117
751 Sn 33.0973692 -19.717060000000004 1.763508
752 Se 30.07141401 -19.717060000000004 0.07977383
; Unit cell 94
753 Sn 40.3444542 -19.717060000000004 0.457367
754 Se 40.646520990000006 -17.641580000000005 2.30064883
755 Sn 43.36765080000001 -17.641580000000005 2.678242
756 Se 46.393605990000005 -17.641580000000005 4.36197617
757 Sn 49.114735800000005 -17.641580000000005 3.984383
758 Se 48.81266901000001 -19.717060000000004 2.14110117
759 Sn 46.09153920000001 -19.717060000000004 1.763508
760 Se 43.06558401 -19.717060000000004 0.07977383
; Unit cell 95
761 Sn 53.3386242 -19.717060000000004 0.457367
762 Se 53.64069099 -17.641580000000005 2.30064883
763 Sn 56.361820800000004 -17.641580000000005 2.678242
764 Se 59.38777599 -17.641580000000005 4.36197617
765 Sn 62.1089058 -17.641580000000005 3.984383
766 Se 61.806839010000004 -19.717060000000004 2.14110117
767 Sn 59.085709200000004 -19.717060000000004 1.763508
768 Se 56.05975401 -19.717060000000004 0.07977383
; Unit cell 96
769 Sn 66.3327942 -19.717060000000004 0.457367
770 Se 66.63486098999999 -17.641580000000005 2.30064883
771 Sn 69.3559908 -17.641580000000005 2.678242
772 Se 72.38194598999999 -17.641580000000005 4.36197617
773 Sn 75.1030758 -17.641580000000005 3.984383
774 Se 74.80100901 -19.717060000000004 2.14110117
775 Sn 72.0798792 -19.717060000000004 1.763508
776 Se 69.05392401 -19.717060000000004 0.07977383
; Unit cell 97
777 Sn 1.3619442 -23.86802 0.457367
778 Se 1.66401099 -21.792540000000002 2.30064883
779 Sn 4.3851408 -21.792540000000002 2.678242
780 Se 7.41109599 -21.792540000000002 4.36197617
781 Sn 10.1322258 -21.792540000000002 3.984383
782 Se 9.83015901 -23.86802 2.14110117
783 Sn 7.1090292 -23.86802 1.763508
784 Se 4.08307401 -23.86802 0.07977383
; Unit cell 98
785 Sn 14.8561142 -23.86802 0.457367
786 Se 15.15818099 -21.792540000000002 2.30064883
787 Sn 17.8793108 -21.792540000000002 2.678242
788 Se 20.90526599 -21.792540000000002 4.36197617
789 Sn 23.6263958 -21.792540000000002 3.984383
790 Se 23.32432901 -23.86802 2.14110117
791 Sn 20.6031992 -23.86802 1.763508
792 Se 17.57724401 -23.86802 0.07977383
; Unit cell 99
793 Sn 28.3502842 -23.86802 0.457367
794 Se 28.652350990000002 -21.792540000000002 2.30064883
795 Sn 31.373480800000003 -21.792540000000002 2.678242
796 Se 34.39943599 -21.792540000000002 4.36197617
797 Sn 37.1205658 -21.792540000000002 3.984383
798 Se 36.81849901 -23.86802 2.14110117
799 Sn 34.0973692 -23.86802 1.763508
800 Se 31.07141401 -23.86802 0.07977383
; Unit cell 100
801 Sn 41.8444542 -23.86802 0.457367
802 Se 42.146520990000006 -21.792540000000002 2.30064883
803 Sn 44.86765080000001 -21.792540000000002 2.678242
804 Se 47.893605990000005 -21.792540000000002 4.36197617
805 Sn 50.614735800000005 -21.792540000000002 3.984383
806 Se 50.31266901000001 -23.86802 2.14110117
807 Sn 47.59153920000001 -23.86802 1.763508
808 Se 44.56558401 -23.86802 0.07977383
; Unit cell 101
809 Sn 55.3386242 -23.86802 0.457367
810 Se 55.64069099 -21.792540000000002 2.30064883
811 Sn 58.361820800000004 -21.792540000000002 2.678242
812 Se 61.38777599 -21.792540000000002 4.36197617
813 Sn 64.1089058 -21.792540000000002 3.984383
814 Se 63.806839010000004 -23.86802 2.14110117
815 Sn 61.085709200000004 -23.86802 1.763508
816 Se 58.05975401 -23.86802 0.07977383
; Unit cell 102
817 Sn 1.3619442 -28.018980000000003 0.457367
818 Se 1.66401099 -25.9435 2.30064883
819 Sn 4.3851408 -25.9435 2.678242
820 Se 7.41109599 -25.9435 4.36197617
821 Sn 10.1322258 -25.9435 3.984383
822 Se 9.83015901 -28.018980000000003 2.14110117
823 Sn 7.1090292 -28.018980000000003 1.763508
824 Se 4.08307401 -28.018980000000003 0.07977383
; Unit cell 103
825 Sn 15.3561142 -28.018980000000003 0.457367
826 Se 15.65818099 -25.9435 2.30064883
827 Sn 18.3793108 -25.9435 2.678242
828 Se 21.40526599 -25.9435 4.36197617
829 Sn 24.1263958 -25.9435 3.984383
830 Se 23.82432901 -28.018980000000003 2.14110117
831 Sn 21.1031992 -28.018980000000003 1.763508
832 Se 18.07724401 -28.018980000000003 0.07977383
; Unit cell 104
833 Sn 29.3502842 -28.018980000000003 0.457367
834 Se 29.652350990000002 -25.9435 2.30064883
835 Sn 32.3734808 -25.9435 2.678242
836 Se 35.39943599 -25.9435 4.36197617
837 Sn 38.1205658 -25.9435 3.984383
838 Se 37.81849901 -28.018980000000003 2.14110117
839 Sn 35.0973692 -28.018980000000003 1.763508
840 Se 32.07141401 -28.018980000000003 0.07977383
; Unit cell 105
841 Sn 43.3444542 -28.018980000000003 0.457367
842 Se 43.646520990000006 -25.9435 2.30064883
843 Sn 46.36765080000001 -25.9435 2.678242
844 Se 49.393605990000005 -25.9435 4.36197617
845 Sn 52.114735800000005 -25.9435 3.984383
846 Se 51.81266901000001 -28.018980000000003 2.14110117
847 Sn 49.09153920000001 -28.018980000000003 1.763508
848 Se 46.06558401 -28.018980000000003 0.07977383
; Unit cell 106
849 Sn 1.3619442 -32.169940000000004 0.457367
850 Se 1.66401099 -30.094460000000005 2.30064883
851 Sn 4.3851408 -30.094460000000005 2.678242
852 Se 7.41109599 -30.094460000000005 4.36197617
853 Sn 10.1322258 -30.094460000000005 3.984383
854 Se 9.83015901 -32.169940000000004 2.14110117
855 Sn 7.1090292 -32.169940000000004 1.763508
856 Se 4.08307401 -32.169940000000004 0.07977383
; Unit cell 107
857 Sn 15.3561142 -32.169940000000004 0.457367
858 Se 15.65818099 -30.094460000000005 2.30064883
859 Sn 18.3793108 -30.094460000000005 2.678242
860 Se 21.40526599 -30.094460000000005 4.36197617
861 Sn 24.1263958 -30.094460000000005 3.984383
862 Se 23.82432901 -32.169940000000004 2.14110117
863 Sn 21.1031992 -32.169940000000004 1.763508
864 Se 18.07724401 -32.169940000000004 0.07977383
; Unit cell 108
865 Sn 29.3502842 -32.169940000000004 0.457367
866 Se 29.652350990000002 -30.094460000000005 2.30064883
867 Sn 32.3734808 -30.094460000000005 2.678242
868 Se 35.39943599 -30.094460000000005 4.36197617
869 Sn 38.1205658 -30.094460000000005 3.984383
870 Se 37.81849901 -32.169940000000004 2.14110117
871 Sn 35.0973692 -32.169940000000004 1.763508
872 Se 32.07141401 -32.169940000000004 0.07977383
; Unit cell 109
873 Sn 43.3444542 -32.169940000000004 0.457367
874 Se 43.646520990000006 -30.094460000000005 2.30064883
875 Sn 46.36765080000001 -30.094460000000005 2.678242
876 Se 49.393605990000005 -30.094460000000005 4.36197617
877 Sn 52.114735800000005 -30.094460000000005 3.984383
878 Se 51.81266901000001 -32.169940000000004 2.14110117
879 Sn 49.09153920000001 -32.169940000000004 1.763508
880 Se 46.06558401 -32.169940000000004 0.07977383
; Unit cell 110
881 Sn 1.3619442 -36.3209 0.457367
882 Se 1.66401099 -34.24542 2.30064883
883 Sn 4.3851408 -34.24542 2.678242
884 Se 7.41109599 -34.24542 4.36197617
885 Sn 10.1322258 -34.24542 3.984383
886 Se 9.83015901 -36.3209 2.14110117
887 Sn 7.1090292 -36.3209 1.763508
888 Se 4.08307401 -36.3209 0.07977383
; Unit cell 111
889 Sn 15.8561142 -36.3209 0.457367
890 Se 16.15818099 -34.24542 2.30064883
891 Sn 18.8793108 -34.24542 2.678242
892 Se 21.90526599 -34.24542 4.36197617
893 Sn 24.6263958 -34.24542 3.984383
894 Se 24.32432901 -36.3209 2.14110117
895 Sn 21.6031992 -36.3209 1.763508
896 Se 18.57724401 -36.3209 0.07977383
; Unit cell 112
897 Sn 30.3502842 -36.3209 0.457367
898 Se 30.652350990000002 -34.24542 2.30064883
899 Sn 33.3734808 -34.24542 2.678242
900 Se 36.39943599 -34.24542 4.36197617
901 Sn 39.1205658 -34.24542 3.984383
902 Se 38.81849901 -36.3209 2.14110117
903 Sn 36.0973692 -36.3209 1.763508
904 Se 33.07141401 -36.3209 0.07977383
; Unit cell 113
905 Sn 1.3619442 -40.47186000000001 0.457367
906 Se 1.66401099 -38.39638000000001 2.30064883
907 Sn 4.3851408 -38.39638000000001 2.678242
908 Se 7.41109599 -38.39638000000001 4.36197617
909 Sn 10.1322258 -38.39638000000001 3.984383
910 Se 9.83015901 -40.47186000000001 2.14110117
911 Sn 7.1090292 -40.47186000000001 1.763508
912 Se 4.08307401 -40.47186000000001 0.07977383
; Unit cell 114
913 Sn 16.3561142 -40.47186000000001 0.457367
914 Se 16.65818099 -38.39638000000001 2.30064883
915 Sn 19.3793108 -38.39638000000001 2.678242
916 Se 22.40526599 -38.39638000000001 4.36197617
917 Sn 25.1263958 -38.39638000000001 3.984383
918 Se 24.82432901 -40.47186000000001 2.14110117
919 Sn 22.1031992 -40.47186000000001 1.763508
920 Se 19.07724401 -40.47186000000001 0.07977383
; Unit cell 115
921 Sn 1.3619442 -44.622820000000004 0.457367
922 Se 1.66401099 -42.547340000000005 2.30064883
923 Sn 4.3851408 -42.547340000000005 2.678242
924 Se 7.41109599 -42.547340000000005 4.36197617
925 Sn 10.1322258 -42.547340000000005 3.984383
926 Se 9.83015901 -44.622820000000004 2.14110117
927 Sn 7.1090292 -44.622820000000004 1.763508
928 Se 4.08307401 -44.622820000000004 0.07977383
; Unit cell 116
929 Sn 16.3561142 -44.622820000000004 0.457367
930 Se 16.65818099 -42.547340000000005 2.30064883
931 Sn 19.3793108 -42.547340000000005 2.678242
932 Se 22.40526599 -42.547340000000005 4.36197617
933 Sn 25.1263958 -42.547340000000005 3.984383
934 Se 24.82432901 -44.622820000000004 2.14110117
935 Sn 22.1031992 -44.622820000000004 1.763508
936 Se 19.07724401 -44.622820000000004 0.07977383
; Unit cell 117
937 Sn 1.3619442 -48.77378 0.457367
938 Se 1.66401099 -46.6983 2.30064883
939 Sn 4.3851408 -46.6983 2.678242
940 Se 7.41109599 -46.6983 4.36197617
941 Sn 10.1322258 -46.6983 3.984383
942 Se 9.83015901 -48.77378 2.14110117
943 Sn 7.1090292 -48.77378 1.763508
944 Se 4.08307401 -48.77378 0.07977383
; Set lattice constants
;x = a = 11.49417, y = b = 4.15096, z = c = 4.44175
945 Sn 1.3619442 1.03774 4.899117
Lattice
; Lattice dimension
1
; Number of lattice overlaps
945
;  begin atom -> end atom
1 945
charge
0
band
100
; Special point
10
Gamma 0.0 0.0 0.0
X 0.5 0.0 0.0
S 0.5 0.5 0
Y 0 0.5 0
Gamma 0.0 0.0 0.0
Z 0 0 0.5
U 0.5 0 0.5
R 0.5 0.5 0.5
T 0 0.5 0.5
Z 0 0 0.5
;Y 0 0.5 0
;T 0 0.5 0.5
;U 0.5 0 0.5
;X 0.5 0.0 0.0
;S 0.5 0.5 0
;R 0.5 0.5 0.5
;;Get COOP
;COOP
;4
;;type which(orbital) contrib1 contrib2 a b c
;Atom 1 1 2 0 0 0
;Atom 2 1 2 0 0 0
;Atom 3 1 2 0 0 0
;Atom 4 1 2 0 0 0
; include average properties
average properties
projected DOS
; # of proj. DOS's
2
;Sn
atom 1 1, 3 1, 5 1, 7 1
;Se
atom 2 1, 4 1, 6 1, 8 1
; set K points
K points
1331
0.0 0.0 0.0 1
0.05 0.0 0.0 1
0.1 0.0 0.0 1
0.15 0.0 0.0 1
0.2 0.0 0.0 1
0.25 0.0 0.0 1
0.3 0.0 0.0 1
0.35 0.0 0.0 1
0.4 0.0 0.0 1
0.45 0.0 0.0 1
0.5 0.0 0.0 1
0.0 0.05 0.0 1
0.05 0.05 0.0 1
0.1 0.05 0.0 1
0.15 0.05 0.0 1
0.2 0.05 0.0 1
0.25 0.05 0.0 1
0.3 0.05 0.0 1
0.35 0.05 0.0 1
0.4 0.05 0.0 1
0.45 0.05 0.0 1
0.5 0.05 0.0 1
0.0 0.1 0.0 1
0.05 0.1 0.0 1
0.1 0.1 0.0 1
0.15 0.1 0.0 1
0.2 0.1 0.0 1
0.25 0.1 0.0 1
0.3 0.1 0.0 1
0.35 0.1 0.0 1
0.4 0.1 0.0 1
0.45 0.1 0.0 1
0.5 0.1 0.0 1
0.0 0.15 0.0 1
0.05 0.15 0.0 1
0.1 0.15 0.0 1
0.15 0.15 0.0 1
0.2 0.15 0.0 1
0.25 0.15 0.0 1
0.3 0.15 0.0 1
0.35 0.15 0.0 1
0.4 0.15 0.0 1
0.45 0.15 0.0 1
0.5 0.15 0.0 1
0.0 0.2 0.0 1
0.05 0.2 0.0 1
0.1 0.2 0.0 1
0.15 0.2 0.0 1
0.2 0.2 0.0 1
0.25 0.2 0.0 1
0.3 0.2 0.0 1
0.35 0.2 0.0 1
0.4 0.2 0.0 1
0.45 0.2 0.0 1
0.5 0.2 0.0 1
0.0 0.25 0.0 1
0.05 0.25 0.0 1
0.1 0.25 0.0 1
0.15 0.25 0.0 1
0.2 0.25 0.0 1
0.25 0.25 0.0 1
0.3 0.25 0.0 1
0.35 0.25 0.0 1
0.4 0.25 0.0 1
0.45 0.25 0.0 1
0.5 0.25 0.0 1
0.0 0.3 0.0 1
0.05 0.3 0.0 1
0.1 0.3 0.0 1
0.15 0.3 0.0 1
0.2 0.3 0.0 1
0.25 0.3 0.0 1
0.3 0.3 0.0 1
0.35 0.3 0.0 1
0.4 0.3 0.0 1
0.45 0.3 0.0 1
0.5 0.3 0.0 1
0.0 0.35 0.0 1
0.05 0.35 0.0 1
0.1 0.35 0.0 1
0.15 0.35 0.0 1
0.2 0.35 0.0 1
0.25 0.35 0.0 1
0.3 0.35 0.0 1
0.35 0.35 0.0 1
0.4 0.35 0.0 1
0.45 0.35 0.0 1
0.5 0.35 0.0 1
0.0 0.4 0.0 1
0.05 0.4 0.0 1
0.1 0.4 0.0 1
0.15 0.4 0.0 1
0.2 0.4 0.0 1
0.25 0.4 0.0 1
0.3 0.4 0.0 1
0.35 0.4 0.0 1
0.4 0.4 0.0 1
0.45 0.4 0.0 1
0.5 0.4 0.0 1
0.0 0.45 0.0 1
0.05 0.45 0.0 1
0.1 0.45 0.0 1
0.15 0.45 0.0 1
0.2 0.45 0.0 1
0.25 0.45 0.0 1
0.3 0.45 0.0 1
0.35 0.45 0.0 1
0.4 0.45 0.0 1
0.45 0.45 0.0 1
0.5 0.45 0.0 1
0.0 0.5 0.0 1
0.05 0.5 0.0 1
0.1 0.5 0.0 1
0.15 0.5 0.0 1
0.2 0.5 0.0 1
0.25 0.5 0.0 1
0.3 0.5 0.0 1
0.35 0.5 0.0 1
0.4 0.5 0.0 1
0.45 0.5 0.0 1
0.5 0.5 0.0 1
0.0 0.0 0.05 1
0.05 0.0 0.05 1
0.1 0.0 0.05 1
0.15 0.0 0.05 1
0.2 0.0 0.05 1
0.25 0.0 0.05 1
0.3 0.0 0.05 1
0.35 0.0 0.05 1
0.4 0.0 0.05 1
0.45 0.0 0.05 1
0.5 0.0 0.05 1
0.0 0.05 0.05 1
0.05 0.05 0.05 1
0.1 0.05 0.05 1
0.15 0.05 0.05 1
0.2 0.05 0.05 1
0.25 0.05 0.05 1
0.3 0.05 0.05 1
0.35 0.05 0.05 1
0.4 0.05 0.05 1
0.45 0.05 0.05 1
0.5 0.05 0.05 1
0.0 0.1 0.05 1
0.05 0.1 0.05 1
0.1 0.1 0.05 1
0.15 0.1 0.05 1
0.2 0.1 0.05 1
0.25 0.1 0.05 1
0.3 0.1 0.05 1
0.35 0.1 0.05 1
0.4 0.1 0.05 1
0.45 0.1 0.05 1
0.5 0.1 0.05 1
0.0 0.15 0.05 1
0.05 0.15 0.05 1
0.1 0.15 0.05 1
0.15 0.15 0.05 1
0.2 0.15 0.05 1
0.25 0.15 0.05 1
0.3 0.15 0.05 1
0.35 0.15 0.05 1
0.4 0.15 0.05 1
0.45 0.15 0.05 1
0.5 0.15 0.05 1
0.0 0.2 0.05 1
0.05 0.2 0.05 1
0.1 0.2 0.05 1
0.15 0.2 0.05 1
0.2 0.2 0.05 1
0.25 0.2 0.05 1
0.3 0.2 0.05 1
0.35 0.2 0.05 1
0.4 0.2 0.05 1
0.45 0.2 0.05 1
0.5 0.2 0.05 1
0.0 0.25 0.05 1
0.05 0.25 0.05 1
0.1 0.25 0.05 1
0.15 0.25 0.05 1
0.2 0.25 0.05 1
0.25 0.25 0.05 1
0.3 0.25 0.05 1
0.35 0.25 0.05 1
0.4 0.25 0.05 1
0.45 0.25 0.05 1
0.5 0.25 0.05 1
0.0 0.3 0.05 1
0.05 0.3 0.05 1
0.1 0.3 0.05 1
0.15 0.3 0.05 1
0.2 0.3 0.05 1
0.25 0.3 0.05 1
0.3 0.3 0.05 1
0.35 0.3 0.05 1
0.4 0.3 0.05 1
0.45 0.3 0.05 1
0.5 0.3 0.05 1
0.0 0.35 0.05 1
0.05 0.35 0.05 1
0.1 0.35 0.05 1
0.15 0.35 0.05 1
0.2 0.35 0.05 1
0.25 0.35 0.05 1
0.3 0.35 0.05 1
0.35 0.35 0.05 1
0.4 0.35 0.05 1
0.45 0.35 0.05 1
0.5 0.35 0.05 1
0.0 0.4 0.05 1
0.05 0.4 0.05 1
0.1 0.4 0.05 1
0.15 0.4 0.05 1
0.2 0.4 0.05 1
0.25 0.4 0.05 1
0.3 0.4 0.05 1
0.35 0.4 0.05 1
0.4 0.4 0.05 1
0.45 0.4 0.05 1
0.5 0.4 0.05 1
0.0 0.45 0.05 1
0.05 0.45 0.05 1
0.1 0.45 0.05 1
0.15 0.45 0.05 1
0.2 0.45 0.05 1
0.25 0.45 0.05 1
0.3 0.45 0.05 1
0.35 0.45 0.05 1
0.4 0.45 0.05 1
0.45 0.45 0.05 1
0.5 0.45 0.05 1
0.0 0.5 0.05 1
0.05 0.5 0.05 1
0.1 0.5 0.05 1
0.15 0.5 0.05 1
0.2 0.5 0.05 1
0.25 0.5 0.05 1
0.3 0.5 0.05 1
0.35 0.5 0.05 1
0.4 0.5 0.05 1
0.45 0.5 0.05 1
0.5 0.5 0.05 1
0.0 0.0 0.1 1
0.05 0.0 0.1 1
0.1 0.0 0.1 1
0.15 0.0 0.1 1
0.2 0.0 0.1 1
0.25 0.0 0.1 1
0.3 0.0 0.1 1
0.35 0.0 0.1 1
0.4 0.0 0.1 1
0.45 0.0 0.1 1
0.5 0.0 0.1 1
0.0 0.05 0.1 1
0.05 0.05 0.1 1
0.1 0.05 0.1 1
0.15 0.05 0.1 1
0.2 0.05 0.1 1
0.25 0.05 0.1 1
0.3 0.05 0.1 1
0.35 0.05 0.1 1
0.4 0.05 0.1 1
0.45 0.05 0.1 1
0.5 0.05 0.1 1
0.0 0.1 0.1 1
0.05 0.1 0.1 1
0.1 0.1 0.1 1
0.15 0.1 0.1 1
0.2 0.1 0.1 1
0.25 0.1 0.1 1
0.3 0.1 0.1 1
0.35 0.1 0.1 1
0.4 0.1 0.1 1
0.45 0.1 0.1 1
0.5 0.1 0.1 1
0.0 0.15 0.1 1
0.05 0.15 0.1 1
0.1 0.15 0.1 1
0.15 0.15 0.1 1
0.2 0.15 0.1 1
0.25 0.15 0.1 1
0.3 0.15 0.1 1
0.35 0.15 0.1 1
0.4 0.15 0.1 1
0.45 0.15 0.1 1
0.5 0.15 0.1 1
0.0 0.2 0.1 1
0.05 0.2 0.1 1
0.1 0.2 0.1 1
0.15 0.2 0.1 1
0.2 0.2 0.1 1
0.25 0.2 0.1 1
0.3 0.2 0.1 1
0.35 0.2 0.1 1
0.4 0.2 0.1 1
0.45 0.2 0.1 1
0.5 0.2 0.1 1
0.0 0.25 0.1 1
0.05 0.25 0.1 1
0.1 0.25 0.1 1
0.15 0.25 0.1 1
0.2 0.25 0.1 1
0.25 0.25 0.1 1
0.3 0.25 0.1 1
0.35 0.25 0.1 1
0.4 0.25 0.1 1
0.45 0.25 0.1 1
0.5 0.25 0.1 1
0.0 0.3 0.1 1
0.05 0.3 0.1 1
0.1 0.3 0.1 1
0.15 0.3 0.1 1
0.2 0.3 0.1 1
0.25 0.3 0.1 1
0.3 0.3 0.1 1
0.35 0.3 0.1 1
0.4 0.3 0.1 1
0.45 0.3 0.1 1
0.5 0.3 0.1 1
0.0 0.35 0.1 1
0.05 0.35 0.1 1
0.1 0.35 0.1 1
0.15 0.35 0.1 1
0.2 0.35 0.1 1
0.25 0.35 0.1 1
0.3 0.35 0.1 1
0.35 0.35 0.1 1
0.4 0.35 0.1 1
0.45 0.35 0.1 1
0.5 0.35 0.1 1
0.0 0.4 0.1 1
0.05 0.4 0.1 1
0.1 0.4 0.1 1
0.15 0.4 0.1 1
0.2 0.4 0.1 1
0.25 0.4 0.1 1
0.3 0.4 0.1 1
0.35 0.4 0.1 1
0.4 0.4 0.1 1
0.45 0.4 0.1 1
0.5 0.4 0.1 1
0.0 0.45 0.1 1
0.05 0.45 0.1 1
0.1 0.45 0.1 1
0.15 0.45 0.1 1
0.2 0.45 0.1 1
0.25 0.45 0.1 1
0.3 0.45 0.1 1
0.35 0.45 0.1 1
0.4 0.45 0.1 1
0.45 0.45 0.1 1
0.5 0.45 0.1 1
0.0 0.5 0.1 1
0.05 0.5 0.1 1
0.1 0.5 0.1 1
0.15 0.5 0.1 1
0.2 0.5 0.1 1
0.25 0.5 0.1 1
0.3 0.5 0.1 1
0.35 0.5 0.1 1
0.4 0.5 0.1 1
0.45 0.5 0.1 1
0.5 0.5 0.1 1
0.0 0.0 0.15 1
0.05 0.0 0.15 1
0.1 0.0 0.15 1
0.15 0.0 0.15 1
0.2 0.0 0.15 1
0.25 0.0 0.15 1
0.3 0.0 0.15 1
0.35 0.0 0.15 1
0.4 0.0 0.15 1
0.45 0.0 0.15 1
0.5 0.0 0.15 1
0.0 0.05 0.15 1
0.05 0.05 0.15 1
0.1 0.05 0.15 1
0.15 0.05 0.15 1
0.2 0.05 0.15 1
0.25 0.05 0.15 1
0.3 0.05 0.15 1
0.35 0.05 0.15 1
0.4 0.05 0.15 1
0.45 0.05 0.15 1
0.5 0.05 0.15 1
0.0 0.1 0.15 1
0.05 0.1 0.15 1
0.1 0.1 0.15 1
0.15 0.1 0.15 1
0.2 0.1 0.15 1
0.25 0.1 0.15 1
0.3 0.1 0.15 1
0.35 0.1 0.15 1
0.4 0.1 0.15 1
0.45 0.1 0.15 1
0.5 0.1 0.15 1
0.0 0.15 0.15 1
0.05 0.15 0.15 1
0.1 0.15 0.15 1
0.15 0.15 0.15 1
0.2 0.15 0.15 1
0.25 0.15 0.15 1
0.3 0.15 0.15 1
0.35 0.15 0.15 1
0.4 0.15 0.15 1
0.45 0.15 0.15 1
0.5 0.15 0.15 1
0.0 0.2 0.15 1
0.05 0.2 0.15 1
0.1 0.2 0.15 1
0.15 0.2 0.15 1
0.2 0.2 0.15 1
0.25 0.2 0.15 1
0.3 0.2 0.15 1
0.35 0.2 0.15 1
0.4 0.2 0.15 1
0.45 0.2 0.15 1
0.5 0.2 0.15 1
0.0 0.25 0.15 1
0.05 0.25 0.15 1
0.1 0.25 0.15 1
0.15 0.25 0.15 1
0.2 0.25 0.15 1
0.25 0.25 0.15 1
0.3 0.25 0.15 1
0.35 0.25 0.15 1
0.4 0.25 0.15 1
0.45 0.25 0.15 1
0.5 0.25 0.15 1
0.0 0.3 0.15 1
0.05 0.3 0.15 1
0.1 0.3 0.15 1
0.15 0.3 0.15 1
0.2 0.3 0.15 1
0.25 0.3 0.15 1
0.3 0.3 0.15 1
0.35 0.3 0.15 1
0.4 0.3 0.15 1
0.45 0.3 0.15 1
0.5 0.3 0.15 1
0.0 0.35 0.15 1
0.05 0.35 0.15 1
0.1 0.35 0.15 1
0.15 0.35 0.15 1
0.2 0.35 0.15 1
0.25 0.35 0.15 1
0.3 0.35 0.15 1
0.35 0.35 0.15 1
0.4 0.35 0.15 1
0.45 0.35 0.15 1
0.5 0.35 0.15 1
0.0 0.4 0.15 1
0.05 0.4 0.15 1
0.1 0.4 0.15 1
0.15 0.4 0.15 1
0.2 0.4 0.15 1
0.25 0.4 0.15 1
0.3 0.4 0.15 1
0.35 0.4 0.15 1
0.4 0.4 0.15 1
0.45 0.4 0.15 1
0.5 0.4 0.15 1
0.0 0.45 0.15 1
0.05 0.45 0.15 1
0.1 0.45 0.15 1
0.15 0.45 0.15 1
0.2 0.45 0.15 1
0.25 0.45 0.15 1
0.3 0.45 0.15 1
0.35 0.45 0.15 1
0.4 0.45 0.15 1
0.45 0.45 0.15 1
0.5 0.45 0.15 1
0.0 0.5 0.15 1
0.05 0.5 0.15 1
0.1 0.5 0.15 1
0.15 0.5 0.15 1
0.2 0.5 0.15 1
0.25 0.5 0.15 1
0.3 0.5 0.15 1
0.35 0.5 0.15 1
0.4 0.5 0.15 1
0.45 0.5 0.15 1
0.5 0.5 0.15 1
0.0 0.0 0.2 1
0.05 0.0 0.2 1
0.1 0.0 0.2 1
0.15 0.0 0.2 1
0.2 0.0 0.2 1
0.25 0.0 0.2 1
0.3 0.0 0.2 1
0.35 0.0 0.2 1
0.4 0.0 0.2 1
0.45 0.0 0.2 1
0.5 0.0 0.2 1
0.0 0.05 0.2 1
0.05 0.05 0.2 1
0.1 0.05 0.2 1
0.15 0.05 0.2 1
0.2 0.05 0.2 1
0.25 0.05 0.2 1
0.3 0.05 0.2 1
0.35 0.05 0.2 1
0.4 0.05 0.2 1
0.45 0.05 0.2 1
0.5 0.05 0.2 1
0.0 0.1 0.2 1
0.05 0.1 0.2 1
0.1 0.1 0.2 1
0.15 0.1 0.2 1
0.2 0.1 0.2 1
0.25 0.1 0.2 1
0.3 0.1 0.2 1
0.35 0.1 0.2 1
0.4 0.1 0.2 1
0.45 0.1 0.2 1
0.5 0.1 0.2 1
0.0 0.15 0.2 1
0.05 0.15 0.2 1
0.1 0.15 0.2 1
0.15 0.15 0.2 1
0.2 0.15 0.2 1
0.25 0.15 0.2 1
0.3 0.15 0.2 1
0.35 0.15 0.2 1
0.4 0.15 0.2 1
0.45 0.15 0.2 1
0.5 0.15 0.2 1
0.0 0.2 0.2 1
0.05 0.2 0.2 1
0.1 0.2 0.2 1
0.15 0.2 0.2 1
0.2 0.2 0.2 1
0.25 0.2 0.2 1
0.3 0.2 0.2 1
0.35 0.2 0.2 1
0.4 0.2 0.2 1
0.45 0.2 0.2 1
0.5 0.2 0.2 1
0.0 0.25 0.2 1
0.05 0.25 0.2 1
0.1 0.25 0.2 1
0.15 0.25 0.2 1
0.2 0.25 0.2 1
0.25 0.25 0.2 1
0.3 0.25 0.2 1
0.35 0.25 0.2 1
0.4 0.25 0.2 1
0.45 0.25 0.2 1
0.5 0.25 0.2 1
0.0 0.3 0.2 1
0.05 0.3 0.2 1
0.1 0.3 0.2 1
0.15 0.3 0.2 1
0.2 0.3 0.2 1
0.25 0.3 0.2 1
0.3 0.3 0.2 1
0.35 0.3 0.2 1
0.4 0.3 0.2 1
0.45 0.3 0.2 1
0.5 0.3 0.2 1
0.0 0.35 0.2 1
0.05 0.35 0.2 1
0.1 0.35 0.2 1
0.15 0.35 0.2 1
0.2 0.35 0.2 1
0.25 0.35 0.2 1
0.3 0.35 0.2 1
0.35 0.35 0.2 1
0.4 0.35 0.2 1
0.45 0.35 0.2 1
0.5 0.35 0.2 1
0.0 0.4 0.2 1
0.05 0.4 0.2 1
0.1 0.4 0.2 1
0.15 0.4 0.2 1
0.2 0.4 0.2 1
0.25 0.4 0.2 1
0.3 0.4 0.2 1
0.35 0.4 0.2 1
0.4 0.4 0.2 1
0.45 0.4 0.2 1
0.5 0.4 0.2 1
0.0 0.45 0.2 1
0.05 0.45 0.2 1
0.1 0.45 0.2 1
0.15 0.45 0.2 1
0.2 0.45 0.2 1
0.25 0.45 0.2 1
0.3 0.45 0.2 1
0.35 0.45 0.2 1
0.4 0.45 0.2 1
0.45 0.45 0.2 1
0.5 0.45 0.2 1
0.0 0.5 0.2 1
0.05 0.5 0.2 1
0.1 0.5 0.2 1
0.15 0.5 0.2 1
0.2 0.5 0.2 1
0.25 0.5 0.2 1
0.3 0.5 0.2 1
0.35 0.5 0.2 1
0.4 0.5 0.2 1
0.45 0.5 0.2 1
0.5 0.5 0.2 1
0.0 0.0 0.25 1
0.05 0.0 0.25 1
0.1 0.0 0.25 1
0.15 0.0 0.25 1
0.2 0.0 0.25 1
0.25 0.0 0.25 1
0.3 0.0 0.25 1
0.35 0.0 0.25 1
0.4 0.0 0.25 1
0.45 0.0 0.25 1
0.5 0.0 0.25 1
0.0 0.05 0.25 1
0.05 0.05 0.25 1
0.1 0.05 0.25 1
0.15 0.05 0.25 1
0.2 0.05 0.25 1
0.25 0.05 0.25 1
0.3 0.05 0.25 1
0.35 0.05 0.25 1
0.4 0.05 0.25 1
0.45 0.05 0.25 1
0.5 0.05 0.25 1
0.0 0.1 0.25 1
0.05 0.1 0.25 1
0.1 0.1 0.25 1
0.15 0.1 0.25 1
0.2 0.1 0.25 1
0.25 0.1 0.25 1
0.3 0.1 0.25 1
0.35 0.1 0.25 1
0.4 0.1 0.25 1
0.45 0.1 0.25 1
0.5 0.1 0.25 1
0.0 0.15 0.25 1
0.05 0.15 0.25 1
0.1 0.15 0.25 1
0.15 0.15 0.25 1
0.2 0.15 0.25 1
0.25 0.15 0.25 1
0.3 0.15 0.25 1
0.35 0.15 0.25 1
0.4 0.15 0.25 1
0.45 0.15 0.25 1
0.5 0.15 0.25 1
0.0 0.2 0.25 1
0.05 0.2 0.25 1
0.1 0.2 0.25 1
0.15 0.2 0.25 1
0.2 0.2 0.25 1
0.25 0.2 0.25 1
0.3 0.2 0.25 1
0.35 0.2 0.25 1
0.4 0.2 0.25 1
0.45 0.2 0.25 1
0.5 0.2 0.25 1
0.0 0.25 0.25 1
0.05 0.25 0.25 1
0.1 0.25 0.25 1
0.15 0.25 0.25 1
0.2 0.25 0.25 1
0.25 0.25 0.25 1
0.3 0.25 0.25 1
0.35 0.25 0.25 1
0.4 0.25 0.25 1
0.45 0.25 0.25 1
0.5 0.25 0.25 1
0.0 0.3 0.25 1
0.05 0.3 0.25 1
0.1 0.3 0.25 1
0.15 0.3 0.25 1
0.2 0.3 0.25 1
0.25 0.3 0.25 1
0.3 0.3 0.25 1
0.35 0.3 0.25 1
0.4 0.3 0.25 1
0.45 0.3 0.25 1
0.5 0.3 0.25 1
0.0 0.35 0.25 1
0.05 0.35 0.25 1
0.1 0.35 0.25 1
0.15 0.35 0.25 1
0.2 0.35 0.25 1
0.25 0.35 0.25 1
0.3 0.35 0.25 1
0.35 0.35 0.25 1
0.4 0.35 0.25 1
0.45 0.35 0.25 1
0.5 0.35 0.25 1
0.0 0.4 0.25 1
0.05 0.4 0.25 1
0.1 0.4 0.25 1
0.15 0.4 0.25 1
0.2 0.4 0.25 1
0.25 0.4 0.25 1
0.3 0.4 0.25 1
0.35 0.4 0.25 1
0.4 0.4 0.25 1
0.45 0.4 0.25 1
0.5 0.4 0.25 1
0.0 0.45 0.25 1
0.05 0.45 0.25 1
0.1 0.45 0.25 1
0.15 0.45 0.25 1
0.2 0.45 0.25 1
0.25 0.45 0.25 1
0.3 0.45 0.25 1
0.35 0.45 0.25 1
0.4 0.45 0.25 1
0.45 0.45 0.25 1
0.5 0.45 0.25 1
0.0 0.5 0.25 1
0.05 0.5 0.25 1
0.1 0.5 0.25 1
0.15 0.5 0.25 1
0.2 0.5 0.25 1
0.25 0.5 0.25 1
0.3 0.5 0.25 1
0.35 0.5 0.25 1
0.4 0.5 0.25 1
0.45 0.5 0.25 1
0.5 0.5 0.25 1
0.0 0.0 0.3 1
0.05 0.0 0.3 1
0.1 0.0 0.3 1
0.15 0.0 0.3 1
0.2 0.0 0.3 1
0.25 0.0 0.3 1
0.3 0.0 0.3 1
0.35 0.0 0.3 1
0.4 0.0 0.3 1
0.45 0.0 0.3 1
0.5 0.0 0.3 1
0.0 0.05 0.3 1
0.05 0.05 0.3 1
0.1 0.05 0.3 1
0.15 0.05 0.3 1
0.2 0.05 0.3 1
0.25 0.05 0.3 1
0.3 0.05 0.3 1
0.35 0.05 0.3 1
0.4 0.05 0.3 1
0.45 0.05 0.3 1
0.5 0.05 0.3 1
0.0 0.1 0.3 1
0.05 0.1 0.3 1
0.1 0.1 0.3 1
0.15 0.1 0.3 1
0.2 0.1 0.3 1
0.25 0.1 0.3 1
0.3 0.1 0.3 1
0.35 0.1 0.3 1
0.4 0.1 0.3 1
0.45 0.1 0.3 1
0.5 0.1 0.3 1
0.0 0.15 0.3 1
0.05 0.15 0.3 1
0.1 0.15 0.3 1
0.15 0.15 0.3 1
0.2 0.15 0.3 1
0.25 0.15 0.3 1
0.3 0.15 0.3 1
0.35 0.15 0.3 1
0.4 0.15 0.3 1
0.45 0.15 0.3 1
0.5 0.15 0.3 1
0.0 0.2 0.3 1
0.05 0.2 0.3 1
0.1 0.2 0.3 1
0.15 0.2 0.3 1
0.2 0.2 0.3 1
0.25 0.2 0.3 1
0.3 0.2 0.3 1
0.35 0.2 0.3 1
0.4 0.2 0.3 1
0.45 0.2 0.3 1
0.5 0.2 0.3 1
0.0 0.25 0.3 1
0.05 0.25 0.3 1
0.1 0.25 0.3 1
0.15 0.25 0.3 1
0.2 0.25 0.3 1
0.25 0.25 0.3 1
0.3 0.25 0.3 1
0.35 0.25 0.3 1
0.4 0.25 0.3 1
0.45 0.25 0.3 1
0.5 0.25 0.3 1
0.0 0.3 0.3 1
0.05 0.3 0.3 1
0.1 0.3 0.3 1
0.15 0.3 0.3 1
0.2 0.3 0.3 1
0.25 0.3 0.3 1
0.3 0.3 0.3 1
0.35 0.3 0.3 1
0.4 0.3 0.3 1
0.45 0.3 0.3 1
0.5 0.3 0.3 1
0.0 0.35 0.3 1
0.05 0.35 0.3 1
0.1 0.35 0.3 1
0.15 0.35 0.3 1
0.2 0.35 0.3 1
0.25 0.35 0.3 1
0.3 0.35 0.3 1
0.35 0.35 0.3 1
0.4 0.35 0.3 1
0.45 0.35 0.3 1
0.5 0.35 0.3 1
0.0 0.4 0.3 1
0.05 0.4 0.3 1
0.1 0.4 0.3 1
0.15 0.4 0.3 1
0.2 0.4 0.3 1
0.25 0.4 0.3 1
0.3 0.4 0.3 1
0.35 0.4 0.3 1
0.4 0.4 0.3 1
0.45 0.4 0.3 1
0.5 0.4 0.3 1
0.0 0.45 0.3 1
0.05 0.45 0.3 1
0.1 0.45 0.3 1
0.15 0.45 0.3 1
0.2 0.45 0.3 1
0.25 0.45 0.3 1
0.3 0.45 0.3 1
0.35 0.45 0.3 1
0.4 0.45 0.3 1
0.45 0.45 0.3 1
0.5 0.45 0.3 1
0.0 0.5 0.3 1
0.05 0.5 0.3 1
0.1 0.5 0.3 1
0.15 0.5 0.3 1
0.2 0.5 0.3 1
0.25 0.5 0.3 1
0.3 0.5 0.3 1
0.35 0.5 0.3 1
0.4 0.5 0.3 1
0.45 0.5 0.3 1
0.5 0.5 0.3 1
0.0 0.0 0.35 1
0.05 0.0 0.35 1
0.1 0.0 0.35 1
0.15 0.0 0.35 1
0.2 0.0 0.35 1
0.25 0.0 0.35 1
0.3 0.0 0.35 1
0.35 0.0 0.35 1
0.4 0.0 0.35 1
0.45 0.0 0.35 1
0.5 0.0 0.35 1
0.0 0.05 0.35 1
0.05 0.05 0.35 1
0.1 0.05 0.35 1
0.15 0.05 0.35 1
0.2 0.05 0.35 1
0.25 0.05 0.35 1
0.3 0.05 0.35 1
0.35 0.05 0.35 1
0.4 0.05 0.35 1
0.45 0.05 0.35 1
0.5 0.05 0.35 1
0.0 0.1 0.35 1
0.05 0.1 0.35 1
0.1 0.1 0.35 1
0.15 0.1 0.35 1
0.2 0.1 0.35 1
0.25 0.1 0.35 1
0.3 0.1 0.35 1
0.35 0.1 0.35 1
0.4 0.1 0.35 1
0.45 0.1 0.35 1
0.5 0.1 0.35 1
0.0 0.15 0.35 1
0.05 0.15 0.35 1
0.1 0.15 0.35 1
0.15 0.15 0.35 1
0.2 0.15 0.35 1
0.25 0.15 0.35 1
0.3 0.15 0.35 1
0.35 0.15 0.35 1
0.4 0.15 0.35 1
0.45 0.15 0.35 1
0.5 0.15 0.35 1
0.0 0.2 0.35 1
0.05 0.2 0.35 1
0.1 0.2 0.35 1
0.15 0.2 0.35 1
0.2 0.2 0.35 1
0.25 0.2 0.35 1
0.3 0.2 0.35 1
0.35 0.2 0.35 1
0.4 0.2 0.35 1
0.45 0.2 0.35 1
0.5 0.2 0.35 1
0.0 0.25 0.35 1
0.05 0.25 0.35 1
0.1 0.25 0.35 1
0.15 0.25 0.35 1
0.2 0.25 0.35 1
0.25 0.25 0.35 1
0.3 0.25 0.35 1
0.35 0.25 0.35 1
0.4 0.25 0.35 1
0.45 0.25 0.35 1
0.5 0.25 0.35 1
0.0 0.3 0.35 1
0.05 0.3 0.35 1
0.1 0.3 0.35 1
0.15 0.3 0.35 1
0.2 0.3 0.35 1
0.25 0.3 0.35 1
0.3 0.3 0.35 1
0.35 0.3 0.35 1
0.4 0.3 0.35 1
0.45 0.3 0.35 1
0.5 0.3 0.35 1
0.0 0.35 0.35 1
0.05 0.35 0.35 1
0.1 0.35 0.35 1
0.15 0.35 0.35 1
0.2 0.35 0.35 1
0.25 0.35 0.35 1
0.3 0.35 0.35 1
0.35 0.35 0.35 1
0.4 0.35 0.35 1
0.45 0.35 0.35 1
0.5 0.35 0.35 1
0.0 0.4 0.35 1
0.05 0.4 0.35 1
0.1 0.4 0.35 1
0.15 0.4 0.35 1
0.2 0.4 0.35 1
0.25 0.4 0.35 1
0.3 0.4 0.35 1
0.35 0.4 0.35 1
0.4 0.4 0.35 1
0.45 0.4 0.35 1
0.5 0.4 0.35 1
0.0 0.45 0.35 1
0.05 0.45 0.35 1
0.1 0.45 0.35 1
0.15 0.45 0.35 1
0.2 0.45 0.35 1
0.25 0.45 0.35 1
0.3 0.45 0.35 1
0.35 0.45 0.35 1
0.4 0.45 0.35 1
0.45 0.45 0.35 1
0.5 0.45 0.35 1
0.0 0.5 0.35 1
0.05 0.5 0.35 1
0.1 0.5 0.35 1
0.15 0.5 0.35 1
0.2 0.5 0.35 1
0.25 0.5 0.35 1
0.3 0.5 0.35 1
0.35 0.5 0.35 1
0.4 0.5 0.35 1
0.45 0.5 0.35 1
0.5 0.5 0.35 1
0.0 0.0 0.4 1
0.05 0.0 0.4 1
0.1 0.0 0.4 1
0.15 0.0 0.4 1
0.2 0.0 0.4 1
0.25 0.0 0.4 1
0.3 0.0 0.4 1
0.35 0.0 0.4 1
0.4 0.0 0.4 1
0.45 0.0 0.4 1
0.5 0.0 0.4 1
0.0 0.05 0.4 1
0.05 0.05 0.4 1
0.1 0.05 0.4 1
0.15 0.05 0.4 1
0.2 0.05 0.4 1
0.25 0.05 0.4 1
0.3 0.05 0.4 1
0.35 0.05 0.4 1
0.4 0.05 0.4 1
0.45 0.05 0.4 1
0.5 0.05 0.4 1
0.0 0.1 0.4 1
0.05 0.1 0.4 1
0.1 0.1 0.4 1
0.15 0.1 0.4 1
0.2 0.1 0.4 1
0.25 0.1 0.4 1
0.3 0.1 0.4 1
0.35 0.1 0.4 1
0.4 0.1 0.4 1
0.45 0.1 0.4 1
0.5 0.1 0.4 1
0.0 0.15 0.4 1
0.05 0.15 0.4 1
0.1 0.15 0.4 1
0.15 0.15 0.4 1
0.2 0.15 0.4 1
0.25 0.15 0.4 1
0.3 0.15 0.4 1
0.35 0.15 0.4 1
0.4 0.15 0.4 1
0.45 0.15 0.4 1
0.5 0.15 0.4 1
0.0 0.2 0.4 1
0.05 0.2 0.4 1
0.1 0.2 0.4 1
0.15 0.2 0.4 1
0.2 0.2 0.4 1
0.25 0.2 0.4 1
0.3 0.2 0.4 1
0.35 0.2 0.4 1
0.4 0.2 0.4 1
0.45 0.2 0.4 1
0.5 0.2 0.4 1
0.0 0.25 0.4 1
0.05 0.25 0.4 1
0.1 0.25 0.4 1
0.15 0.25 0.4 1
0.2 0.25 0.4 1
0.25 0.25 0.4 1
0.3 0.25 0.4 1
0.35 0.25 0.4 1
0.4 0.25 0.4 1
0.45 0.25 0.4 1
0.5 0.25 0.4 1
0.0 0.3 0.4 1
0.05 0.3 0.4 1
0.1 0.3 0.4 1
0.15 0.3 0.4 1
0.2 0.3 0.4 1
0.25 0.3 0.4 1
0.3 0.3 0.4 1
0.35 0.3 0.4 1
0.4 0.3 0.4 1
0.45 0.3 0.4 1
0.5 0.3 0.4 1
0.0 0.35 0.4 1
0.05 0.35 0.4 1
0.1 0.35 0.4 1
0.15 0.35 0.4 1
0.2 0.35 0.4 1
0.25 0.35 0.4 1
0.3 0.35 0.4 1
0.35 0.35 0.4 1
0.4 0.35 0.4 1
0.45 0.35 0.4 1
0.5 0.35 0.4 1
0.0 0.4 0.4 1
0.05 0.4 0.4 1
0.1 0.4 0.4 1
0.15 0.4 0.4 1
0.2 0.4 0.4 1
0.25 0.4 0.4 1
0.3 0.4 0.4 1
0.35 0.4 0.4 1
0.4 0.4 0.4 1
0.45 0.4 0.4 1
0.5 0.4 0.4 1
0.0 0.45 0.4 1
0.05 0.45 0.4 1
0.1 0.45 0.4 1
0.15 0.45 0.4 1
0.2 0.45 0.4 1
0.25 0.45 0.4 1
0.3 0.45 0.4 1
0.35 0.45 0.4 1
0.4 0.45 0.4 1
0.45 0.45 0.4 1
0.5 0.45 0.4 1
0.0 0.5 0.4 1
0.05 0.5 0.4 1
0.1 0.5 0.4 1
0.15 0.5 0.4 1
0.2 0.5 0.4 1
0.25 0.5 0.4 1
0.3 0.5 0.4 1
0.35 0.5 0.4 1
0.4 0.5 0.4 1
0.45 0.5 0.4 1
0.5 0.5 0.4 1
0.0 0.0 0.45 1
0.05 0.0 0.45 1
0.1 0.0 0.45 1
0.15 0.0 0.45 1
0.2 0.0 0.45 1
0.25 0.0 0.45 1
0.3 0.0 0.45 1
0.35 0.0 0.45 1
0.4 0.0 0.45 1
0.45 0.0 0.45 1
0.5 0.0 0.45 1
0.0 0.05 0.45 1
0.05 0.05 0.45 1
0.1 0.05 0.45 1
0.15 0.05 0.45 1
0.2 0.05 0.45 1
0.25 0.05 0.45 1
0.3 0.05 0.45 1
0.35 0.05 0.45 1
0.4 0.05 0.45 1
0.45 0.05 0.45 1
0.5 0.05 0.45 1
0.0 0.1 0.45 1
0.05 0.1 0.45 1
0.1 0.1 0.45 1
0.15 0.1 0.45 1
0.2 0.1 0.45 1
0.25 0.1 0.45 1
0.3 0.1 0.45 1
0.35 0.1 0.45 1
0.4 0.1 0.45 1
0.45 0.1 0.45 1
0.5 0.1 0.45 1
0.0 0.15 0.45 1
0.05 0.15 0.45 1
0.1 0.15 0.45 1
0.15 0.15 0.45 1
0.2 0.15 0.45 1
0.25 0.15 0.45 1
0.3 0.15 0.45 1
0.35 0.15 0.45 1
0.4 0.15 0.45 1
0.45 0.15 0.45 1
0.5 0.15 0.45 1
0.0 0.2 0.45 1
0.05 0.2 0.45 1
0.1 0.2 0.45 1
0.15 0.2 0.45 1
0.2 0.2 0.45 1
0.25 0.2 0.45 1
0.3 0.2 0.45 1
0.35 0.2 0.45 1
0.4 0.2 0.45 1
0.45 0.2 0.45 1
0.5 0.2 0.45 1
0.0 0.25 0.45 1
0.05 0.25 0.45 1
0.1 0.25 0.45 1
0.15 0.25 0.45 1
0.2 0.25 0.45 1
0.25 0.25 0.45 1
0.3 0.25 0.45 1
0.35 0.25 0.45 1
0.4 0.25 0.45 1
0.45 0.25 0.45 1
0.5 0.25 0.45 1
0.0 0.3 0.45 1
0.05 0.3 0.45 1
0.1 0.3 0.45 1
0.15 0.3 0.45 1
0.2 0.3 0.45 1
0.25 0.3 0.45 1
0.3 0.3 0.45 1
0.35 0.3 0.45 1
0.4 0.3 0.45 1
0.45 0.3 0.45 1
0.5 0.3 0.45 1
0.0 0.35 0.45 1
0.05 0.35 0.45 1
0.1 0.35 0.45 1
0.15 0.35 0.45 1
0.2 0.35 0.45 1
0.25 0.35 0.45 1
0.3 0.35 0.45 1
0.35 0.35 0.45 1
0.4 0.35 0.45 1
0.45 0.35 0.45 1
0.5 0.35 0.45 1
0.0 0.4 0.45 1
0.05 0.4 0.45 1
0.1 0.4 0.45 1
0.15 0.4 0.45 1
0.2 0.4 0.45 1
0.25 0.4 0.45 1
0.3 0.4 0.45 1
0.35 0.4 0.45 1
0.4 0.4 0.45 1
0.45 0.4 0.45 1
0.5 0.4 0.45 1
0.0 0.45 0.45 1
0.05 0.45 0.45 1
0.1 0.45 0.45 1
0.15 0.45 0.45 1
0.2 0.45 0.45 1
0.25 0.45 0.45 1
0.3 0.45 0.45 1
0.35 0.45 0.45 1
0.4 0.45 0.45 1
0.45 0.45 0.45 1
0.5 0.45 0.45 1
0.0 0.5 0.45 1
0.05 0.5 0.45 1
0.1 0.5 0.45 1
0.15 0.5 0.45 1
0.2 0.5 0.45 1
0.25 0.5 0.45 1
0.3 0.5 0.45 1
0.35 0.5 0.45 1
0.4 0.5 0.45 1
0.45 0.5 0.45 1
0.5 0.5 0.45 1
0.0 0.0 0.5 1
0.05 0.0 0.5 1
0.1 0.0 0.5 1
0.15 0.0 0.5 1
0.2 0.0 0.5 1
0.25 0.0 0.5 1
0.3 0.0 0.5 1
0.35 0.0 0.5 1
0.4 0.0 0.5 1
0.45 0.0 0.5 1
0.5 0.0 0.5 1
0.0 0.05 0.5 1
0.05 0.05 0.5 1
0.1 0.05 0.5 1
0.15 0.05 0.5 1
0.2 0.05 0.5 1
0.25 0.05 0.5 1
0.3 0.05 0.5 1
0.35 0.05 0.5 1
0.4 0.05 0.5 1
0.45 0.05 0.5 1
0.5 0.05 0.5 1
0.0 0.1 0.5 1
0.05 0.1 0.5 1
0.1 0.1 0.5 1
0.15 0.1 0.5 1
0.2 0.1 0.5 1
0.25 0.1 0.5 1
0.3 0.1 0.5 1
0.35 0.1 0.5 1
0.4 0.1 0.5 1
0.45 0.1 0.5 1
0.5 0.1 0.5 1
0.0 0.15 0.5 1
0.05 0.15 0.5 1
0.1 0.15 0.5 1
0.15 0.15 0.5 1
0.2 0.15 0.5 1
0.25 0.15 0.5 1
0.3 0.15 0.5 1
0.35 0.15 0.5 1
0.4 0.15 0.5 1
0.45 0.15 0.5 1
0.5 0.15 0.5 1
0.0 0.2 0.5 1
0.05 0.2 0.5 1
0.1 0.2 0.5 1
0.15 0.2 0.5 1
0.2 0.2 0.5 1
0.25 0.2 0.5 1
0.3 0.2 0.5 1
0.35 0.2 0.5 1
0.4 0.2 0.5 1
0.45 0.2 0.5 1
0.5 0.2 0.5 1
0.0 0.25 0.5 1
0.05 0.25 0.5 1
0.1 0.25 0.5 1
0.15 0.25 0.5 1
0.2 0.25 0.5 1
0.25 0.25 0.5 1
0.3 0.25 0.5 1
0.35 0.25 0.5 1
0.4 0.25 0.5 1
0.45 0.25 0.5 1
0.5 0.25 0.5 1
0.0 0.3 0.5 1
0.05 0.3 0.5 1
0.1 0.3 0.5 1
0.15 0.3 0.5 1
0.2 0.3 0.5 1
0.25 0.3 0.5 1
0.3 0.3 0.5 1
0.35 0.3 0.5 1
0.4 0.3 0.5 1
0.45 0.3 0.5 1
0.5 0.3 0.5 1
0.0 0.35 0.5 1
0.05 0.35 0.5 1
0.1 0.35 0.5 1
0.15 0.35 0.5 1
0.2 0.35 0.5 1
0.25 0.35 0.5 1
0.3 0.35 0.5 1
0.35 0.35 0.5 1
0.4 0.35 0.5 1
0.45 0.35 0.5 1
0.5 0.35 0.5 1
0.0 0.4 0.5 1
0.05 0.4 0.5 1
0.1 0.4 0.5 1
0.15 0.4 0.5 1
0.2 0.4 0.5 1
0.25 0.4 0.5 1
0.3 0.4 0.5 1
0.35 0.4 0.5 1
0.4 0.4 0.5 1
0.45 0.4 0.5 1
0.5 0.4 0.5 1
0.0 0.45 0.5 1
0.05 0.45 0.5 1
0.1 0.45 0.5 1
0.15 0.45 0.5 1
0.2 0.45 0.5 1
0.25 0.45 0.5 1
0.3 0.45 0.5 1
0.35 0.45 0.5 1
0.4 0.45 0.5 1
0.45 0.45 0.5 1
0.5 0.45 0.5 1
0.0 0.5 0.5 1
0.05 0.5 0.5 1
0.1 0.5 0.5 1
0.15 0.5 0.5 1
0.2 0.5 0.5 1
0.25 0.5 0.5 1
0.3 0.5 0.5 1
0.35 0.5 0.5 1
0.4 0.5 0.5 1
0.45 0.5 0.5 1
0.5 0.5 0.5 1
Print
;wavefunction
;overlap population
end_Print
